8.137300
15.512300
26.419700
27.233200
5.417010
4.198640
0.734843
19.820600
21.584000
8.792300
12.555400
25.468400
18.070300
13.789800
15.043500
0.190335
19.481000
24.145100
11.716000
20.445300
7.583180
12.739600
21.816500
2.139460
27.074100
11.793100
3.372310
12.442400
6.276600
16.861900
14.169200
14.229700
0.389115
16.724700
12.913700
2.293990
10.772700
7.943250
19.434700
0.248248
11.492500
13.351700
1.611190
14.421500
12.692200
12.050200
27.519200
22.188600
9.569760
0.332682
16.502000
12.304900
14.097100
1.514890
0.440838
18.258400
34.576700
0.274807
26.660000
3.428260
18.018400
35.462000
19.887900
22.080300
11.784900
0.887635
12.051700
21.875800
0.129954
25.113800
20.022900
10.250000
14.450900
26.918900
2.592800
8.590120
6.939280
0.305012
14.273500
23.020000
3.275790
24.378900
1.522910
8.775190
21.237100
0.641890
22.436700
11.619000
0.967456
6.854390
21.975200
13.783300
2.046380
26.754000
9.632960
15.072700
36.655500
13.815600
18.288800
15.496200
9.603570
1.946620
6.309520
7.000980
47.146100
0.322334
24.120100
42.981300
30.243400
0.855421
0.999661
14.387700
9.168670
6.846950
2.418340
15.294700
15.412700
32.108000
18.881000
4.916090
11.008000
23.131100
18.800800
1.154120
0.113048
0.291464
5.865500
16.937600
0.857011
36.257700
5.862820
20.664300
11.349500
0.134817
14.636100
1.755460
18.547200
26.607700
9.245170
0.551403
0.848665
30.282900
19.975100
14.645500
14.002400
36.870800
7.587600
15.435900
9.289300
16.133900
14.309800
31.285200
9.254480
12.619400
2.594890
7.350760
9.875580
4.930780
44.621600
7.499470
11.890400
18.849700
21.228900
24.111300
23.728000
0.473430
1.421670
18.205700
17.155400
21.568700
40.209700
0.177798
9.146900
12.058000
20.703600
11.328900
17.517800
7.969680
0.816399
11.006500
15.346500
13.739700
20.425500
25.997900
20.253400
12.077300
18.907600
15.240700
2.448350
2.805900
21.571000
10.344300
7.405040
12.334300
40.777500
0.279342
6.368320
23.496200
11.420200
1.939590
5.522810
6.306560
13.468000
20.974300
6.922580
14.120700
8.795780
7.081770
6.868610
6.831550
16.915800
0.122857
27.822800
18.498000
42.319700
16.096400
22.190600
33.218900
3.850450
13.714700
30.148800
9.702370
20.369600
6.734690
16.765100
8.939880
5.164440
22.375200
0.206197
0.646040
28.038800
3.855130
11.396800
3.193560
0.427118
19.800400
5.471690
20.146800
21.028100
4.360460
15.401900
0.131469
21.948900
0.292134
7.695860
5.739020
29.088100
14.727600
23.004800
16.583700
3.123770
14.780800
26.376500
17.488800
22.145500
7.667280
23.711600
9.819010
19.964300
27.898100
3.358320
0.214313
6.582260
0.201225
1.247430
1.076060
22.535200
12.692000
33.579100
27.519700
23.251300
6.287100
14.250200
32.289100
31.851200
24.003800
1.052550
41.758100
23.909500
27.348500
8.385580
11.916800
0.106510
0.396634
33.423600
14.590600
0.385034
12.118600
1.210290
4.408350
16.332400
2.588900
0.527067
1.839340
14.838300
0.424784
6.818710
0.328459
26.773500
0.122133
15.248000
2.236810
15.172300
15.148900
7.757920
2.396090
0.105647
17.713900
26.871200
7.614210
25.435300
4.074690
9.778240
3.766650
4.635530
16.501600
1.290480
1.561930
7.769580
17.305300
44.046400
0.182575
9.901510
5.062820
0.743133
43.351300
19.022000
11.903100
18.002600
14.959100
14.065800
7.414720
11.685000
0.388089
10.166000
11.688200
12.134300
18.205900
16.298000
5.090420
0.147204
6.654090
15.551100
20.757700
9.994160
27.996900
11.995200
18.814400
20.630600
13.104100
9.844570
0.425085
0.137280
8.701870
3.532310
6.612670
14.111400
7.001130
39.387100
5.020080
12.150100
14.930300
0.502421
42.410100
28.138000
5.631010
0.896295
8.794410
24.628700
12.585600
20.162300
12.131000
32.155700
20.181100
1.452880
8.044560
31.940700
2.041000
27.411600
3.416450
33.508300
31.910800
5.135810
0.478869
18.373200
23.671800
7.745810
5.259260
4.043950
11.811000
20.875100
0.256714
0.188206
10.726700
39.452700
40.618400
0.319301
1.756700
9.776490
12.374800
11.253900
36.966200
14.650700
9.172920
0.334616
13.699500
0.165734
0.417675
19.034000
9.164820
0.956169
12.782600
18.538300
23.763800
17.660200
16.864200
16.109200
4.051130
1.554430
8.662800
13.137100
24.545200
12.662900
1.989990
0.269272
37.392900
24.731100
24.392200
13.638300
15.960500
19.449100
0.202996
3.424060
17.329600
10.176800
19.925500
15.598800
26.035400
10.359500
12.696400
3.093650
1.634780
2.408550
4.579300
2.021920
1.292230
0.755841
18.468500
0.101399
6.310000
25.917300
11.223300
32.464000
1.827690
6.854660
21.146500
7.112840
4.712580
1.071390
13.748200
17.146900
25.660000
1.578700
11.841400
18.763600
24.915800
5.954670
14.547100
17.490900
13.242700
11.066000
0.311511
14.356200
2.043990
4.402030
12.552300
4.420420
18.494600
8.285760
28.591600
3.843470
13.536800
5.578740
8.427650
6.461600
9.779600
1.339270
1.409220
15.199400
6.705130
9.876640
30.041000
0.198051
18.924600
10.094400
11.698100
0.154565
0.546789
18.672400
8.427470
25.156800
11.382800
15.316300
42.570500
29.132100
17.668400
0.385800
0.428935
21.223800
0.173717
14.653700
9.588180
7.841470
12.163900
15.971200
5.673270
0.159739
9.893470
12.011200
0.220088
41.265900
2.279140
30.133500
21.095000
17.676700
14.505200
4.688910
14.429900
29.330600
2.046580
3.564570
15.613700
17.083400
9.548930
9.210130
14.868600
30.498300
7.726760
15.592100
5.145350
17.441500
10.330500
8.808300
16.769200
0.644777
16.817600
12.679500
1.183400
18.152300
8.108270
11.642200
18.459400
6.260290
17.026700
15.701700
0.498727
9.366560
22.282500
6.313850
1.811600
14.665000
0.172630
3.771130
6.052110
12.579300
19.022100
18.861400
9.346600
0.333919
35.757400
26.451500
21.361400
8.920910
29.816100
4.114340
26.609100
20.259500
14.723000
2.065050
12.507100
15.597300
28.934000
17.580100
11.578200
0.907050
1.176170
20.385500
1.103640
0.260105
23.345000
3.880120
14.387800
9.791080
20.883200
7.423760
1.851160
6.168750
1.157890
14.716400
14.782000
8.124500
31.527300
20.876600
22.166500
32.431600
12.492300
0.176520
5.835230
12.191800
10.632600
23.216200
19.157300
3.690610
10.749500
11.749100
15.556800
3.352840
30.096700
8.450520
6.218100
34.326200
1.228730
13.269100
10.283800
7.197630
19.760100
11.759000
30.306800
15.400500
9.669840
11.486000
4.456530
3.444240
17.339900
26.308500
5.205310
14.004000
16.672800
27.478700
1.667820
29.260700
2.056340
0.353532
6.299000
0.113850
20.302500
9.752200
0.434861
19.157100
5.368730
8.919380
20.624000
0.661041
20.581700
7.854630
11.095500
26.186200
6.599590
15.098800
10.230700
10.240300
9.064080
0.482550
1.294120
20.233100
12.970800
31.586400
36.017600
9.715040
16.609300
40.726400
23.563100
0.124634
4.875800
8.322430
11.117400
13.914700
7.657140
31.470800
5.938030
23.579800
11.788000
19.611700
6.415750
0.941404
1.204360
11.340500
5.405510
0.656639
10.266100
13.816100
38.188500
19.824500
6.059000
3.402040
10.609000
1.428160
16.271900
22.023800
0.824620
6.529910
5.395520
22.936300
10.437100
0.256004
28.953000
40.680900
11.595600
16.501800
1.758790
25.010900
3.705950
6.864730
7.150960
19.116500
21.649500
0.140744
7.877750
21.659300
0.104842
32.604000
16.024100
15.914300
31.412100
16.096000
12.871900
3.136090
12.686300
18.186200
2.085410
4.670260
29.915700
7.230250
14.824500
37.060000
11.701500
4.495140
5.758710
37.274000
10.650300
5.143170
0.174632
26.290100
1.269550
0.311954
18.182000
13.304300
41.028600
0.712928
6.911670
20.809300
0.279344
34.390700
26.017500
0.205800
39.503500
4.851650
26.003100
17.660300
19.914800
4.946380
16.978100
20.205600
1.981520
0.245719
10.731300
32.393700
23.998700
21.351800
4.278630
0.193948
1.367700
17.653500
8.161750
13.252300
18.391800
6.394540
6.107500
3.552800
18.723100
0.153476
8.764570
18.323000
26.081300
35.925000
14.896400
19.625000
17.024500
10.255200
30.891500
1.569840
19.411900
16.445700
19.742300
2.563960
17.131500
43.790600
12.971600
17.975100
15.452500
10.322400
9.951790
7.315260
13.199700
11.682200
12.047000
2.714750
11.504700
24.085100
14.384900
22.594200
3.636380
17.811100
14.885500
0.222465
0.206290
7.488210
13.295000
18.638100
0.107359
9.807580
15.823500
0.965042
33.076900
15.728200
13.198800
22.644100
16.169400
5.362730
8.888110
4.939650
16.639000
2.126360
12.884100
12.666300
14.741300
11.214600
6.666870
36.881100
7.829400
3.741560
33.995000
20.501900
4.154580
1.392400
13.949800
0.177563
0.150597
30.764000
1.194310
9.707380
0.588179
0.139675
2.587740
18.498000
20.915000
1.207510
18.140600
31.820300
2.711670
26.258800
33.038300
28.866200
7.457030
28.617000
20.056300
16.207900
13.569700
13.887400
10.337500
17.172000
16.516700
27.331200
9.478950
18.855200
24.451400
5.398560
17.487200
0.199636
0.774002
35.337100
0.147824
0.448585
25.155400
12.063300
12.025300
8.832010
0.627144
11.213700
8.720420
13.548700
44.153100
4.811020
13.647500
24.073300
0.128516
11.523200
0.622053
21.842700
44.778900
28.521700
14.404100
19.950800
9.035720
16.434500
14.558800
6.978300
8.869470
37.802600
16.587600
33.856400
16.784200
2.165700
28.236700
6.058800
7.619530
9.751900
18.352700
26.207200
0.154998
20.564800
24.373100
0.121156
30.487100
6.906940
1.717140
36.832200
16.796300
2.713470
3.614700
5.406620
5.464080
3.739480
13.737900
32.879800
19.402900
6.956360
0.756035
21.617300
13.631700
0.224284
17.270100
36.882500
2.047900
12.422400
12.301900
22.566500
1.496470
19.062800
0.372440
9.503830
14.143700
18.542700
19.459800
15.856600
2.875690
0.260649
4.500590
34.429900
20.907300
16.243400
12.800500
24.943100
35.933500
3.835240
34.400500
20.651800
0.441081
3.426140
12.664500
1.207120
11.202300
1.067490
5.731790
12.084100
25.171300
16.541900
10.447000
7.861360
4.899570
9.793800
2.142740
9.397840
3.716800
0.125439
0.566239
19.086200
30.900600
5.760810
14.521800
16.997800
0.892146
14.702600
16.203700
11.127200
6.262260
4.127340
12.578500
19.493500
8.703550
14.691200
26.059100
13.827500
13.965000
3.052110
21.662800
7.912740
26.210300
5.791150
27.549800
31.038400
11.376600
1.119950
3.012980
26.421000
23.598400
9.830520
13.984300
8.950770
18.080900
0.814999
0.345429
7.721930
16.216900
11.466100
1.335830
3.821440
11.152100
0.239074
0.796600
25.386000
17.854100
7.760690
15.716800
0.289671
0.639441
24.350700
4.827410
36.343800
15.219900
13.776600
0.413019
7.332790
15.071900
18.333700
25.788400
3.186150
32.417600
15.908900
19.750500
7.259870
0.222611
32.658800
16.857100
13.328300
7.729820
0.205834
18.177400
1.646800
7.697190
0.458298
6.537060
24.034600
13.036900
12.051400
11.349600
8.325580
12.788100
4.944580
0.131621
4.382190
12.140400
10.523700
9.099230
25.411200
11.366000
14.757800
0.790758
18.987800
6.712380
0.134678
14.788400
23.632000
2.040550
12.146400
0.402287
22.639400
8.095740
5.524160
1.262890
25.803500
20.801900
21.946200
42.626100
6.019190
23.293500
29.754100
3.300380
19.626200
1.276560
0.153157
14.657200
0.110277
14.720400
0.791143
0.169566
0.888398
11.581100
4.323310
18.429800
0.493562
11.323500
12.432300
16.338300
7.825110
24.585200
1.105660
33.094000
26.695900
12.135400
0.277396
9.757140
34.927000
31.228100
34.073400
18.219200
32.559100
17.835200
5.669020
0.210960
9.442520
7.331720
8.970700
24.972700
9.870860
22.695700
31.987200
7.851970
12.875100
3.862720
2.416570
15.343600
25.182100
8.465020
15.844500
4.097490
17.746500
3.269040
16.087300
2.573570
18.538900
12.875100
6.601150
0.138034
22.782000
27.585900
17.189900
15.361200
4.725900
8.524990
7.593210
3.966390
16.582200
15.836900
16.067200
18.549900
5.193690
9.886000
38.354900
14.682500
0.123493
27.249100
0.163759
23.876800
27.892600
22.262700
5.072220
13.361800
23.467200
37.053200
32.226800
14.882400
27.320100
4.521720
14.097100
11.003100
28.727000
28.494700
13.587300
20.250400
4.309610
27.051300
15.186000
22.196600
27.105700
21.858400
11.612500
4.373600
4.801110
8.731620
11.060200
7.151130
14.157200
5.482700
25.738200
21.884400
5.580930
15.062900
16.424900
1.166690
0.115284
12.749100
20.196400
21.872400
12.224200
5.341990
21.210600
6.128970
0.830751
16.939000
14.560600
23.039000
7.154830
6.843630
24.272000
0.198059
0.377740
12.485700
8.323990
5.951140
0.219575
27.881800
14.917800
18.985800
10.521500
11.169700
11.509600
3.650270
10.011300
0.403284
10.546700
17.542500
27.070000
10.350200
29.629100
8.611940
12.444800
14.992900
16.528700
10.418600
6.772210
21.699200
26.008000
32.350700
8.091520
22.126400
1.316040
9.349480
16.038400
12.124400
8.389890
24.925700
11.703300
9.073850
0.259953
27.638000
6.138820
10.660600
0.217858
28.717100
5.760860
23.094600
34.689300
3.325040
22.672900
0.652958
11.399100
0.711189
5.340660
20.182300
7.604730
24.620900
10.289200
0.448240
2.162230
12.494900
13.729100
4.968280
22.919000
24.003100
1.001890
4.614210
5.841130
11.555200
8.612000
17.372400
18.653000
22.123500
1.313700
14.244400
0.904718
16.778700
0.302851
21.494700
24.795100
4.993490
24.126300
9.534240
12.743400
1.233370
0.191816
0.344366
0.394255
24.140800
5.776390
36.889200
15.958300
37.167900
14.806900
11.704100
3.117130
14.925400
8.220750
19.980900
27.028500
6.256020
14.651800
34.514300
16.316700
9.159580
10.226900
4.771160
7.523620
3.288700
4.940900
21.171000
9.718790
27.188600
20.762200
1.045160
7.486320
12.893500
3.161980
2.940080
19.299200
21.790500
31.250300
0.223614
19.740900
9.878600
18.956000
13.566500
15.031700
8.863730
0.329504
24.913200
20.363700
17.784000
0.591078
26.592000
2.327920
39.614800
21.351200
1.349180
3.941360
32.208900
25.137000
26.135400
15.261700
13.338700
7.477840
1.984980
26.778400
19.229400
6.197730
0.290897
0.180351
0.567062
7.447040
39.707900
15.281700
27.413200
24.675800
29.241700
15.983300
15.927700
8.118200
1.303900
12.652800
12.350100
18.453400
3.161420
15.555400
10.727900
26.092000
17.567100
7.415500
14.802300
16.878400
16.484700
25.818000
16.923300
16.475800
5.203010
0.150190
5.025310
6.359300
14.755300
0.631909
8.118670
0.624320
12.760500
42.011500
10.936800
6.622480
16.033100
15.729300
1.253690
25.486000
19.162100
2.696430
23.519900
5.108300
26.800100
0.248371
5.875750
0.273323
0.105311
0.134169
2.205320
8.563610
0.181766
16.067300
9.484180
0.250328
15.745900
0.263488
11.273200
1.298800
2.965020
35.163700
2.299580
12.985300
30.524800
1.298760
36.384000
0.641922
17.426900
2.947680
6.440800
0.226788
0.884267
3.003820
10.726400
10.666300
4.214590
30.513200
7.540310
30.359600
0.990457
17.697600
28.363700
2.337900
31.451900
17.310700
1.017330
9.584340
0.806320
18.775600
15.682400
11.506400
40.113400
23.148900
8.634520
14.078600
25.475700
25.491800
0.322941
12.576600
4.334900
38.569600
3.940190
1.367860
38.988000
15.761700
11.625500
13.174500
20.521500
13.975300
0.887878
11.592300
2.512890
18.800800
14.783500
3.000660
37.785800
12.819500
33.094000
43.412200
11.582000
8.661650
5.584140
0.215889
27.309300
11.169300
37.386600
13.620800
5.728080
14.165100
18.923000
7.777460
17.086900
18.430700
9.156380
5.088200
40.272800
7.294840
10.658800
26.306800
15.527200
6.502610
9.871190
0.112363
34.329500
13.550200
8.419430
10.780200
0.150750
2.186140
17.045700
0.931826
8.458300
2.893760
20.381200
9.363500
32.532000
16.226800
1.966850
6.348210
22.410600
12.482100
15.419700
1.186310
20.179400
11.440400
14.044400
24.093200
11.892200
35.077500
17.503200
13.779300
15.978700
30.634700
8.727740
0.395245
8.732370
10.155000
19.792900
12.373300
22.598600
0.693888
4.089440
21.376100
23.577700
8.217190
16.352800
3.497350
9.795820
21.198600
0.540111
12.769700
24.072300
20.726800
15.933900
6.202170
14.037800
5.845950
11.312800
7.471290
25.302100
3.942620
11.238500
14.564100
10.420500
9.852480
6.305140
1.482260
16.297700
0.102856
22.686100
11.364300
16.824400
27.561900
6.582560
10.230400
36.487800
4.847740
0.220772
0.161545
9.081550
0.290321
21.044800
1.760900
15.793000
0.676222
32.734700
0.331526
0.443293
7.908840
3.122550
1.588750
25.012400
16.874500
18.813200
9.745150
11.607300
13.828100
6.622050
12.587600
17.331100
17.756900
11.334900
21.190700
18.649100
39.984000
16.189100
13.332700
30.983600
9.236150
10.363100
4.820840
4.963230
13.720500
14.719200
0.102731
11.812500
8.889970
0.158295
15.381900
1.534150
12.921600
17.752200
11.916000
0.970218
20.848800
10.979200
20.696000
0.944689
0.266265
15.122700
18.064800
4.851480
0.130543
24.058500
17.862800
0.193302
5.072010
14.395500
5.962620
1.780700
0.254532
18.185000
0.464071
12.531500
8.139440
4.830350
12.528300
2.252740
19.452800
4.336560
22.054400
14.762500
4.711350
15.907500
19.551700
10.522600
12.021600
10.527800
14.109900
20.090100
4.496610
19.527500
34.142400
9.175670
13.106200
5.144900
14.509800
1.761590
12.228200
23.872200
0.518941
32.641200
15.578100
0.746801
13.981300
15.317300
0.742242
2.139600
11.154000
9.858550
36.818500
24.005900
11.569800
8.867400
16.236300
3.855080
0.568540
32.558400
26.055900
13.681700
17.250800
21.695500
4.055900
8.943600
1.032170
16.298500
14.761500
22.016100
12.778900
40.931000
22.404300
0.945032
10.490900
7.734250
9.057580
0.448947
14.067500
8.050810
0.330580
7.556730
2.263810
8.792980
13.482700
33.615100
4.062270
0.283391
7.951730
37.333500
16.829100
15.944500
31.789700
5.747870
1.428660
8.196750
6.495890
18.901400
17.806400
11.716200
12.278200
25.889100
18.271600
16.445800
4.968060
18.467000
16.790300
11.855200
0.872903
31.484200
15.979500
14.232400
9.082180
32.770700
16.830900
0.160457
17.091300
25.602300
20.519300
5.894740
26.431400
4.466460
14.425400
9.252610
17.900500
6.810670
24.374800
8.287050
44.878400
0.103042
6.615150
5.525550
7.480050
26.156400
9.895770
11.094600
19.544800
0.964938
33.779400
4.708260
0.689169
9.873910
0.271206
9.373470
8.074710
4.285340
31.819100
7.366100
18.237100
2.044100
24.197800
1.455350
28.698100
3.009350
17.673200
8.696970
9.935000
14.108000
32.224100
9.470810
10.019800
18.918400
1.330070
15.410400
22.261900
32.971200
12.997000
3.839640
5.863810
4.908430
37.201200
10.898800
2.637070
0.698934
7.863310
0.552039
41.897900
1.480900
0.802208
14.286200
11.009700
5.728760
19.001200
3.665420
40.705500
3.049150
22.438500
20.280100
1.104380
15.216100
26.195600
16.825400
0.238907
9.853010
4.931300
29.981500
23.818200
5.001470
15.863800
21.935300
9.441050
15.863300
21.043700
23.889600
0.853289
0.156972
16.179700
13.690600
7.094320
19.267900
20.901300
15.531600
1.073780
12.478900
19.888700
5.240980
8.595670
2.454570
0.875436
11.588900
30.237500
8.906940
11.344900
12.523600
2.812550
14.313500
21.947000
14.687100
15.848800
8.955570
3.563000
2.082160
1.570510
29.380700
4.227790
46.641100
1.920410
0.503245
16.833800
18.992700
1.838900
1.957130
0.470760
15.521400
14.582100
16.981700
1.639170
15.008200
19.594200
31.029900
32.747400
14.662800
21.302900
9.817630
1.199260
18.818600
11.180700
40.656700
4.134920
6.991540
11.615400
10.365200
13.575700
0.270467
2.635500
39.424500
9.762260
11.553300
29.255200
14.854600
24.351600
17.769400
13.697900
36.890000
18.451600
1.502380
11.472100
11.214600
11.688300
29.311000
13.623500
25.828800
0.554679
2.124150
1.964350
7.877330
10.398800
26.549600
18.307500
8.494540
16.445500
6.113580
14.204800
16.942400
29.509000
20.773700
12.721000
8.625280
0.176881
4.887940
5.504490
9.632870
15.667600
10.890200
31.523600
6.502830
16.653900
29.823700
5.821120
14.622500
9.439290
18.629700
39.532800
2.087400
16.668700
0.751264
1.019380
17.815000
17.988200
21.436500
10.662200
0.114115
20.844600
6.929990
19.643400
10.802100
0.659394
16.105900
26.638000
16.858500
2.574220
22.073600
4.513640
3.504760
4.793250
0.303547
6.435990
8.753440
14.907800
0.371062
24.926600
10.737200
17.838000
12.619900
3.991800
18.182400
0.135385
25.140200
0.197464
13.792200
4.019820
3.395920
0.859795
28.402500
9.362110
21.792200
9.812110
20.700500
0.244086
19.150300
19.172600
1.586870
28.666000
12.701900
17.041400
0.294319
7.501770
6.792120
11.290400
16.730300
12.736000
19.788000
30.121300
0.469160
25.129400
12.413800
12.173600
9.889410
14.557900
15.496200
17.261100
13.835000
24.109200
0.107684
18.144500
13.679700
0.800806
1.400600
17.095000
0.161900
0.710216
17.346400
9.196230
11.240000
5.000140
2.320680
10.141400
15.172400
0.127538
25.841800
4.626520
20.876700
8.678610
39.737900
1.682480
3.131120
0.449905
2.528310
10.736900
0.481017
25.583200
11.634200
16.123800
13.746800
7.450070
13.211100
0.383185
24.809000
7.145920
12.146000
13.356400
15.800200
8.584950
29.135000
0.559334
20.762400
0.997560
25.332500
11.784800
5.239180
17.126700
17.424600
2.333110
2.331600
9.407490
5.521880
14.207400
18.094500
4.304940
15.399000
18.208200
15.429500
27.677200
23.741600
0.214894
9.967860
27.734100
29.539400
4.431080
26.780800
8.872660
22.590500
28.458000
0.373834
5.586760
5.329280
18.994300
31.716700
0.344072
19.160800
11.169800
11.672700
11.839000
1.123100
9.435170
1.580740
16.138700
12.064100
7.134160
0.578206
18.098300
10.275400
18.980600
17.689000
25.226900
19.916900
18.022000
7.753130
24.933100
15.525100
24.495600
13.466900
6.094840
35.106900
10.689000
1.129470
17.763500
7.344180
6.324860
0.275168
15.348900
1.233660
1.260010
22.602100
35.679100
18.175800
26.465900
17.538400
2.555860
19.135700
21.958000
19.127000
16.671500
18.960700
0.461214
13.112500
0.389599
4.179810
7.224580
0.844406
18.014200
14.561400
0.226103
35.175700
1.693700
1.232740
17.667900
6.914490
6.005210
42.493700
11.598400
13.156900
1.455540
20.818200
9.759840
21.537200
27.170700
28.963300
5.318400
11.646600
2.337950
18.171200
0.188332
18.102200
30.708200
11.823400
23.977800
22.191700
9.487680
19.462400
1.245470
11.154900
13.045700
0.837285
0.306231
16.465600
39.060700
14.910100
13.491200
10.414600
32.935600
21.870200
6.532610
2.390020
0.118638
21.306400
0.823635
14.672100
9.318400
20.129800
27.506200
4.841150
0.207256
3.713470
19.423000
4.211730
43.998400
33.479600
27.689300
14.529400
1.762800
15.589200
8.381830
20.220000
0.230512
0.174556
17.122800
10.201500
5.558820
13.437200
8.144620
4.134850
10.354000
0.179354
21.898200
26.847000
12.762600
0.113498
14.058200
22.158400
21.145200
5.032940
16.976500
14.435300
11.088600
11.608100
10.972600
5.265150
18.747300
7.011700
0.992665
33.615200
21.416600
19.010100
33.170200
40.454300
15.623200
8.025040
33.100600
21.619300
17.316800
14.279900
9.237980
14.394600
38.249900
0.640664
0.103498
39.730700
2.579070
7.435650
3.856210
15.153800
6.396790
1.386110
10.887600
8.868010
1.858660
20.173300
7.964870
10.449000
10.668900
15.052500
6.394450
21.783900
16.563900
1.608020
19.114700
0.844082
15.616900
13.246800
17.729900
27.731400
16.721600
4.488780
15.326000
0.152292
18.426600
8.976980
30.188800
3.816630
14.047200
17.918000
3.402140
19.982300
8.249110
3.095460
18.520300
22.715100
44.478800
26.533800
12.768600
18.576800
27.506100
14.154900
0.927966
25.350200
6.971210
11.355100
21.114800
27.815900
7.273020
0.638576
3.683940
6.825150
11.888700
12.723800
36.786800
8.144990
18.881700
24.397100
0.656217
1.700890
26.392900
14.982700
19.205300
16.410300
34.845300
8.869870
0.131419
43.443000
0.935283
10.496500
8.119880
35.325800
10.584200
16.256500
9.229860
5.894100
11.466700
2.610610
19.438100
7.926840
0.304455
7.277350
25.615700
37.750700
1.121570
26.705300
4.910850
1.818090
15.107900
6.235480
6.231270
20.548900
19.573700
6.906870
2.741140
22.305400
15.609800
8.067340
0.609776
23.505100
9.348280
0.934408
19.129600
8.028730
8.251510
14.534500
2.152960
5.757620
9.882100
19.491200
14.855700
3.639330
8.946340
20.093100
13.691900
19.047400
34.817600
0.727767
7.234520
19.157500
10.416400
3.189140
18.295000
44.262300
15.978800
19.479500
23.083900
8.536140
16.451600
16.855200
4.759770
10.313600
16.490000
18.679200
15.084900
21.085700
0.397532
0.845257
2.761910
3.304590
28.830100
48.915600
3.193960
21.191300
21.674300
9.194020
0.134449
25.417400
4.037230
32.730100
9.513570
9.706710
1.081220
24.496700
8.170620
10.828400
13.471300
0.255426
14.641000
32.847200
13.742700
17.555500
4.316470
9.252980
15.195000
0.173126
0.137548
13.298900
10.805800
11.121000
29.093100
10.390700
15.708800
26.230800
1.331060
4.826830
20.611100
19.258000
9.382800
28.589600
32.247300
10.412300
16.726200
16.296800
2.260250
14.301200
31.819300
4.149960
0.120753
23.473700
11.175800
13.837700
6.556280
14.114300
19.418800
16.381100
3.064610
6.650250
0.134293
12.461900
4.999920
0.309645
15.830900
0.926277
16.955500
16.628800
8.533140
18.287500
17.096300
10.767300
22.948400
6.251760
8.221300
1.481020
0.507301
19.989300
7.773970
36.867600
16.775600
17.646100
9.045060
20.032200
17.770900
1.551850
1.773410
21.328600
33.046900
29.797300
12.744600
11.290600
21.517400
13.968300
10.872000
18.431800
20.034700
0.825820
42.442800
11.383000
17.721400
28.083500
19.861500
9.045310
1.898830
0.136505
12.421800
10.984400
44.975500
25.391500
0.164876
17.721100
29.399300
21.598000
14.721200
1.201440
11.626000
1.308750
16.239100
12.438800
28.577000
16.717100
1.276020
29.571000
29.632300
5.199840
5.295050
10.094300
14.996800
14.270400
1.775890
37.375000
1.046310
0.789946
20.990300
15.593700
42.780900
7.229820
22.595600
18.723900
29.139800
7.462910
17.166400
27.513500
1.507850
0.234484
10.988800
24.594700
37.676100
19.573700
11.196800
9.151180
4.705770
6.828440
22.181800
22.086900
22.431200
0.955388
3.598760
14.218900
25.401900
14.352200
18.286500
8.998830
7.177310
14.639800
22.331800
16.742500
12.236100
36.630800
4.821940
0.192592
7.093430
0.816627
16.772600
16.237000
20.784200
16.068300
4.580130
12.437400
40.695400
19.375100
9.288540
1.393620
42.219400
34.789100
0.541778
18.127300
1.958440
0.891928
0.429692
18.569200
13.578100
9.219220
22.007200
3.591440
9.328250
18.566100
30.223800
41.072200
31.257700
9.616010
0.663065
13.242000
9.804710
16.048900
21.439600
0.766845
5.624880
36.853600
21.386400
13.225700
34.087400
12.591200
11.004700
10.984100
4.826980
16.526100
41.125300
1.081270
7.446660
19.545700
14.770300
37.444900
13.942900
5.516090
11.201600
22.044800
5.915220
6.643700
9.327460
22.174800
24.087800
3.072220
15.430800
7.885540
0.134141
11.895800
4.730960
0.974820
10.262900
15.552000
9.397740
9.228680
9.322180
10.550100
7.217000
14.038300
4.799710
7.738030
10.876400
16.725600
13.621900
2.203880
24.938000
10.935200
6.945870
11.993000
10.944900
19.886500
27.645200
7.815740
4.898340
32.479000
6.164420
6.787040
30.387800
35.925100
8.164310
6.180740
15.917800
18.142000
15.277800
22.044100
8.094490
7.206440
38.987600
17.238200
0.349651
9.393400
14.291100
25.243200
0.143815
19.210400
4.396890
3.154070
9.102370
0.175554
30.951300
16.743400
30.314800
20.822000
41.264700
18.185100
0.227706
12.198000
14.405500
27.947300
4.293760
18.881600
30.143200
28.347200
21.014500
26.164600
15.385400
0.618255
24.498000
20.307300
24.985300
4.490620
11.756600
14.970500
7.182260
5.147360
4.641750
0.723254
20.282300
12.735000
0.848575
0.104238
19.130600
22.391300
5.135820
7.364010
6.534460
1.409240
9.387110
27.550300
0.118280
10.731800
1.331910
10.508800
2.293670
16.908900
17.042600
3.452410
33.162800
8.506310
18.071900
0.138553
22.145500
22.544800
5.446680
19.323700
17.980700
33.445300
2.902220
10.828600
29.590300
11.863700
5.734710
45.805800
8.935500
21.372400
37.659100
14.314900
8.002010
13.130200
23.915100
0.643485
1.965150
7.157440
8.773620
21.562100
37.505200
21.773800
32.334200
7.776700
21.947300
15.900400
1.344440
1.088380
12.682200
4.875110
14.688900
17.504400
22.199900
0.409069
0.197793
7.777020
24.430100
39.867300
5.718240
1.064550
18.265100
8.495160
21.858200
15.591300
12.567500
5.189370
22.165000
24.255800
6.052870
6.510360
16.188900
13.364700
0.282508
14.070200
0.437970
11.534000
33.882600
23.446100
33.334200
0.406438
14.054800
7.330270
32.871500
12.687900
6.122820
1.015280
3.916020
0.366743
18.188400
10.115300
5.752340
40.456500
2.208440
15.716900
2.602810
1.966010
0.139796
8.391110
8.266520
0.765678
5.748520
0.116043
13.786800
8.523920
10.091900
3.370300
19.495800
19.362800
15.804300
35.963900
20.755000
5.560530
34.647800
16.199000
19.206700
22.257100
0.722176
21.454500
6.774630
23.833100
2.705190
30.478100
4.711950
14.269200
33.065300
21.222000
15.715100
5.148310
0.668013
21.889600
6.457450
25.527000
6.148840
2.056430
13.061600
30.783900
0.195835
19.628400
29.236200
13.380400
2.702330
18.800600
7.182010
13.186200
34.542700
23.085100
22.965000
18.402300
25.733300
8.197550
0.463008
9.051820
8.659620
9.876190
13.112400
12.853200
20.897900
0.143035
3.496490
16.193800
0.534877
4.853680
13.276900
8.416850
9.568580
13.658500
39.286800
15.473100
10.991700
19.947900
47.306800
40.434300
26.314100
4.171080
20.843900
6.550890
18.425800
4.362500
9.162390
11.629500
10.869300
19.105000
18.591800
5.179260
10.177400
18.168900
10.545700
18.943700
0.289962
18.825300
19.656700
8.682500
0.130710
35.923800
13.078700
0.161287
26.245000
18.580800
4.648020
0.208177
0.646083
18.400500
7.267790
3.690050
20.586500
8.538680
30.885600
10.260300
10.797000
1.901590
8.704160
10.873000
12.490800
33.787600
3.682740
4.542270
9.836750
16.842000
0.337716
20.402500
19.271800
21.470000
14.404000
23.847600
29.216000
0.832867
11.767800
0.479314
22.700300
14.956500
14.276400
6.178590
18.318500
18.566200
7.002140
10.718600
1.571640
12.770000
11.178600
31.357500
5.531730
18.053900
6.932040
13.705600
9.406520
4.919760
11.944900
6.240180
31.593700
13.017100
7.237090
0.246030
29.692800
1.616510
20.478900
0.104434
3.898870
13.121900
9.271100
18.125800
16.961100
9.176740
10.837300
20.805300
13.226500
42.031100
8.060860
10.590500
0.282627
36.383500
13.904500
4.756090
19.993000
15.127000
11.161300
6.812020
14.576100
10.121100
0.901727
19.123400
10.821500
21.776800
20.302300
10.925600
6.228690
9.670830
0.243221
20.307500
17.399300
16.120200
23.280600
0.454890
1.484210
26.699600
9.138350
18.868200
20.518300
0.874382
21.674000
0.269319
34.075000
11.923800
9.010800
14.223300
0.708006
39.213100
16.635400
10.049500
1.349810
23.690100
34.597600
14.798000
18.089700
34.271600
15.903100
1.013190
28.210200
14.285100
15.638000
0.661353
11.407500
8.096480
5.813490
5.401350
13.686000
0.107283
13.244900
0.779743
19.951700
37.588200
15.676600
11.253400
29.006200
0.370909
31.760300
7.867180
15.797700
21.713800
2.789980
28.089400
13.811400
0.507037
1.325580
13.409200
13.497100
18.340700
27.878000
2.573220
3.441990
23.203300
11.945400
0.420153
18.453400
13.368400
19.461400
4.208350
0.194375
3.945790
9.003650
4.640920
0.454554
32.181300
0.115182
11.574200
8.361400
16.248200
32.018700
15.485300
11.857400
7.325440
26.057400
4.946800
28.175500
0.600867
20.223500
14.562500
0.237628
0.737273
0.322953
13.685500
26.703700
8.001180
25.928100
9.732960
11.678200
7.554000
0.156337
0.208045
18.189000
8.519130
15.898000
15.318100
2.837670
27.313400
0.629881
21.846600
9.618460
4.042190
9.419080
26.563400
0.391428
14.785700
0.135278
5.158930
3.059490
15.990500
21.822700
23.094600
15.694000
5.906210
29.272500
13.339500
29.156800
9.623400
8.334190
2.307580
0.932134
9.136900
13.871300
6.245390
25.485700
16.586800
28.285600
9.170220
9.315380
3.546270
7.982190
7.826930
26.284300
6.223510
17.323300
20.124600
15.151200
38.026200
25.208800
14.939400
23.851900
23.838600
7.844930
7.641100
1.201990
42.868700
9.234240
6.133690
3.742530
23.012200
29.868700
33.077900
28.979100
10.544200
5.932930
5.618660
9.652440
24.707700
43.652400
0.546488
8.983900
4.434730
0.499340
3.905670
15.839000
8.499470
12.886200
2.959510
31.210800
11.515000
10.645300
8.137090
0.214088
32.663200
9.443540
8.940040
17.877400
19.323500
23.582200
24.567100
23.463500
24.676000
10.000900
0.117106
11.934400
11.822100
11.524000
0.764463
12.647300
7.482580
1.564970
3.539850
14.797600
5.139240
4.009780
22.950000
16.574400
6.779410
0.169367
17.315100
8.315830
36.727700
18.918100
14.508700
9.282530
0.447319
13.719000
15.042300
14.770300
2.523120
23.568000
17.297200
17.987500
9.377820
24.893300
18.382500
20.081800
14.315300
26.495100
8.311110
9.097600
3.483140
15.293300
13.970800
9.469740
0.385998
12.140900
5.197240
14.390100
41.261400
4.635650
3.200360
15.372500
33.496300
0.738406
16.794200
12.127400
0.822900
13.467400
18.498600
8.052420
29.422300
6.423690
6.107170
10.161000
0.261265
9.324170
10.115800
29.077800
16.016100
20.368700
11.349600
32.411100
2.430980
11.188100
5.794320
11.757600
5.472290
28.646600
10.225100
15.744600
31.379500
0.137445
48.500500
33.868000
22.728200
13.200200
21.503800
32.230300
25.463500
8.030300
33.323600
0.311938
18.897800
22.844900
28.934400
7.127900
0.256010
18.484700
15.204700
0.123549
2.363810
8.367720
15.596000
1.515830
0.920355
9.695530
6.581300
0.163356
18.773700
33.668200
4.134750
0.150268
4.413020
29.573600
17.468700
21.710200
1.372430
0.383081
0.372209
0.727680
0.594079
15.188400
32.922300
0.131303
12.994100
12.466000
1.243840
16.307200
7.082170
3.822420
36.712000
17.098600
33.655200
5.750040
39.197000
2.513980
30.169800
13.101400
7.053220
9.214410
18.181200
35.159000
1.299420
17.907200
14.265200
20.392300
17.348600
14.263400
1.106150
21.539400
4.925710
28.847400
9.995410
10.046400
2.971190
1.715080
8.781110
7.270440
24.250600
26.719100
16.008800
17.692800
22.418400
10.924300
11.267800
37.457500
