3.152100
8.594280
9.630610
1.468500
0.387359
14.925900
0.122621
5.177570
0.762765
5.667290
0.102058
1.363710
0.873839
13.116600
2.708070
3.170250
4.075730
14.586900
12.221700
0.274344
0.100828
0.601335
10.289400
20.351200
1.682640
10.029500
1.006780
2.245480
0.258764
18.967600
0.805458
16.282600
10.972600
4.066300
0.105124
5.147250
2.649430
0.307118
0.171355
1.358520
2.666510
4.730220
1.594580
0.205921
0.939071
9.958900
8.160020
5.316360
1.802870
14.439900
0.157704
2.628360
0.159910
0.805863
0.743377
7.725960
1.085210
4.838130
4.926860
0.532990
0.107145
11.349400
3.334940
5.628830
2.983790
2.111760
0.741738
0.128760
0.976826
1.022460
0.685824
2.209700
8.616860
5.291840
12.466700
6.718970
5.625770
0.321006
5.267560
6.636850
20.289700
6.945820
9.406850
3.218940
2.755720
0.418169
6.668610
3.047640
1.495220
9.989280
0.197526
8.376940
1.853110
4.739730
0.125540
5.789940
9.586930
10.555700
3.903420
3.263350
0.161455
6.830970
7.462970
11.400100
3.797660
0.139105
7.360000
0.221425
0.209361
0.137093
1.262640
1.416440
6.236050
6.145140
0.359896
1.992350
6.952140
4.317640
5.477440
2.565680
0.383923
4.511380
0.309195
6.716850
10.131100
1.598790
2.394880
5.289060
0.140009
0.807222
7.123810
1.778130
4.307520
0.889046
11.033400
10.048100
10.800600
0.321193
0.132615
6.048030
7.984920
0.332393
23.031900
9.312650
4.190220
0.267015
10.249800
4.068260
8.439170
0.628930
6.240680
0.483526
8.695480
12.521200
1.969680
0.361307
0.301279
6.176170
4.047180
0.135808
11.648400
14.660200
0.166105
6.437610
6.748210
11.192800
1.359330
1.940620
5.431220
0.252206
2.703270
0.610638
20.222400
1.658080
14.284300
1.365260
3.147150
0.112350
2.623660
0.922003
6.480500
5.035890
14.174300
3.781110
5.111890
1.703260
4.545010
13.237200
0.435889
10.428300
7.840230
0.796497
0.971363
2.123810
0.319776
0.839944
8.254210
8.829810
0.212757
8.483650
2.488230
1.822430
0.201552
0.328503
0.114462
0.147375
0.158451
2.815790
1.966350
1.114730
1.241330
17.076400
0.858888
1.469700
0.395339
16.010800
4.041080
4.161210
7.000960
1.241760
2.181270
0.369830
11.840900
0.570280
5.030180
1.553190
0.698422
9.390610
7.284570
9.563570
0.248610
17.359800
6.081860
16.415200
7.338180
5.450910
0.439857
1.778410
8.368260
0.347719
1.184410
0.432138
11.540700
0.700302
5.593960
15.571000
0.174071
1.287010
0.484534
0.108113
4.112600
3.165180
2.625930
4.162200
0.211879
4.882730
12.878100
10.611100
2.877740
11.982700
0.275487
4.736750
8.740350
5.722070
17.608000
4.116390
0.610727
9.334470
11.301200
10.535900
4.328320
3.956070
0.866023
9.627550
0.720701
0.606998
0.220042
11.740800
7.086800
0.975950
6.364470
7.760300
13.708700
0.482878
7.271790
8.097820
2.295000
0.251332
0.254109
0.158912
1.270870
3.987350
11.325900
9.281860
4.623550
0.216089
9.086000
0.530636
11.435900
14.909500
8.693740
10.714200
4.520040
23.032900
2.010490
8.803350
2.146360
0.180811
7.805090
0.469129
0.616942
11.043700
13.054200
7.266210
8.094760
0.482092
6.594010
0.203544
0.159106
0.184843
0.634805
0.106466
15.964700
0.220325
10.583300
5.892140
2.579730
5.505390
0.203444
8.714380
0.968016
3.242090
0.250410
0.577890
8.408440
0.920370
7.946230
17.021200
8.654620
0.620775
2.320490
7.929620
4.657510
5.727130
10.447300
2.007110
14.986600
1.390600
0.340152
0.666518
0.374229
0.412872
2.473170
1.162180
1.255950
0.145039
8.871270
0.805567
9.201020
1.094870
7.136520
4.503390
5.679940
0.211326
10.559300
0.178158
0.155086
0.109120
0.707848
0.494414
0.487922
6.210160
1.035530
7.675600
0.158174
0.216340
5.522850
9.815330
0.234834
13.810600
2.550920
0.413007
2.899550
4.349580
3.542000
0.637244
0.691113
17.003100
0.148559
6.921980
7.118420
0.151391
6.965880
7.577880
3.557050
1.567800
0.167027
11.994200
16.664300
4.793820
9.403270
2.146270
11.045600
9.820450
1.849450
0.506551
14.099200
5.519080
14.471000
4.716520
4.555080
2.548680
5.587730
5.354460
3.910350
3.480990
12.718300
0.350342
4.609810
0.206137
14.364900
4.431580
6.082110
16.242400
10.448400
3.398690
4.364170
13.272000
21.566100
4.856730
1.841900
3.389620
6.774740
0.353389
3.274580
5.343370
4.514290
5.510180
0.420635
0.138080
5.277160
0.114852
0.180540
0.157749
3.042870
0.247188
0.136243
1.698720
1.952740
0.341304
0.345995
9.155010
0.462742
0.800578
1.275620
0.417983
12.411700
9.115240
2.773910
5.494140
10.612300
6.499010
0.254307
0.132065
0.192564
0.761382
11.052800
4.568490
9.805520
16.000800
8.332290
0.404452
8.191710
0.657790
4.939560
0.246677
0.193660
0.236307
10.976400
4.118380
0.428921
9.852650
13.290400
4.805910
0.192321
9.169560
14.350600
0.488130
2.115780
3.011730
16.660400
0.129618
0.137216
0.509430
5.398140
13.670000
14.103700
11.524800
5.495750
15.382400
0.182004
2.383300
6.065990
0.446658
0.667802
0.316592
0.187285
0.729378
14.865100
17.937100
10.021900
5.884210
0.665286
7.251490
12.308800
6.931090
1.489820
9.948450
0.588189
12.272300
1.848140
3.587080
1.748130
1.284400
2.350320
0.380174
1.243950
7.737420
0.708173
10.949900
1.162190
9.131550
0.450667
1.048610
9.201600
10.157200
0.691779
0.185156
3.164260
8.879070
1.496700
3.684920
2.050300
5.723770
3.873160
6.340030
0.386537
0.584136
10.035700
0.207145
10.573500
0.116024
9.967390
2.564750
1.506530
20.473000
10.454100
5.364870
14.285100
3.642340
3.851850
22.525100
2.923820
1.361870
17.686100
0.572311
6.750360
5.282770
0.462603
11.353500
0.250250
11.510100
7.643600
8.800440
0.169910
0.522376
0.448073
0.115113
0.354533
4.303590
5.199310
15.175000
1.195090
4.131660
1.831010
0.903699
11.006600
0.857192
5.408790
8.600730
3.060470
0.683885
1.428600
0.103892
2.685140
0.801184
0.525892
7.782450
15.063800
0.362379
0.118594
0.744906
1.795090
15.207400
3.346730
0.399352
11.006900
7.827040
11.017200
15.011000
9.442890
6.672210
0.602207
1.079200
3.249920
4.886740
0.336193
6.359260
13.547300
9.679690
0.582210
3.749500
4.005990
1.712440
13.624300
13.709400
8.738040
6.566690
0.110706
1.623900
11.499200
0.171956
7.493440
0.564861
4.451060
10.053600
5.752990
7.677290
4.784640
15.254000
2.290690
1.410570
5.168030
0.333372
0.568899
7.518170
6.013930
1.088080
0.113350
5.031270
8.488820
3.459850
10.947800
0.257410
0.993438
0.397743
0.463590
0.676691
6.724430
0.330673
0.620093
7.638340
5.778710
10.490000
4.061460
9.845240
0.109159
2.816050
9.829970
16.613600
1.344610
1.980910
4.494910
0.722121
1.983390
0.991199
11.002800
1.383350
0.887301
4.367790
5.607400
7.957690
1.551940
0.176107
4.444960
7.571800
2.130330
0.241560
1.506920
0.394052
0.740820
0.749896
12.085900
14.077200
13.308100
1.264840
2.416760
3.015310
14.834100
0.531133
0.995803
4.328640
0.670669
10.156800
0.124393
1.640440
0.369190
6.008340
2.408910
0.783083
2.247530
9.885250
5.611980
3.352870
0.835788
0.110182
6.845150
1.079880
2.197070
0.616275
9.365890
14.055100
0.424765
0.393290
14.913800
2.170670
0.188543
4.812150
9.127960
0.132510
6.116020
0.521112
0.119973
0.206762
0.967305
4.262170
0.191835
7.008180
0.698581
1.604980
0.131680
1.230420
7.465320
0.164875
6.633940
0.203764
5.953780
5.661390
14.664500
6.862030
16.962800
2.438920
7.206930
14.929700
7.148510
7.483250
6.934920
0.513574
5.082700
4.143900
0.211653
5.751040
8.949260
16.939100
4.268480
20.607800
3.384420
0.109823
4.685650
0.211362
6.587560
7.616060
0.192781
0.371907
1.821930
5.836220
0.135711
22.751000
18.546100
24.034400
1.288830
16.710300
6.125700
6.124790
10.663500
3.085260
1.180090
0.965411
4.078230
8.007730
0.721180
0.615071
0.161310
10.356800
0.105952
4.476200
2.441540
2.709740
4.797660
11.502800
0.217967
2.066810
0.126968
10.060100
2.304660
2.074870
0.264666
0.267034
9.577790
4.952370
2.845430
8.562270
6.409300
12.720200
8.503220
0.388749
0.597208
4.152970
2.628280
0.131509
0.405201
3.691180
2.107130
0.178975
11.966400
8.881420
4.688580
17.808300
0.958843
8.907440
7.215730
2.740540
1.467770
7.466380
5.891140
0.260822
3.907860
0.118584
16.531900
2.076720
7.460330
1.981250
7.970630
7.094460
14.585400
9.553960
2.818900
1.742810
1.888580
11.665600
8.464470
1.746400
0.623498
0.101156
0.303161
3.035060
1.467280
0.379377
2.514000
1.284070
0.125800
0.601305
0.109950
13.620900
0.248679
2.778790
10.290600
4.471280
0.873770
0.719787
1.350040
2.805210
0.352215
0.921434
0.266553
0.149697
7.338150
4.479100
0.289122
0.852963
7.204710
0.674590
0.427337
0.708675
0.412816
0.264586
2.566650
0.655671
22.008000
8.260190
2.280810
8.680480
1.544400
0.962735
5.880460
0.574950
3.165000
3.666010
14.477600
10.474500
0.407677
12.169000
0.673395
8.567170
0.153302
16.110500
8.168500
2.615080
0.594218
0.102617
15.028100
8.005520
1.763710
2.991780
9.793760
10.168000
9.411440
0.595559
5.986950
16.334100
1.548860
12.275300
4.443410
10.062400
19.249900
0.191680
11.732300
9.735720
3.233670
0.446386
1.789860
7.913040
0.166744
13.349200
2.068050
4.814410
6.138970
5.697650
3.181620
4.636720
0.400937
1.551470
0.680473
4.115280
6.524960
0.120510
0.203829
9.697400
6.736080
11.144300
0.240293
0.119962
1.116880
9.212790
0.443846
1.401900
2.759730
0.954816
2.679380
1.198730
4.949440
0.122225
7.271100
0.661981
6.443060
1.145300
0.174633
15.256300
0.628642
3.237400
6.430520
1.275230
0.345172
0.645615
0.233364
5.645280
0.795322
9.899740
1.125510
11.126600
1.317440
11.559200
7.506090
0.554754
13.948500
0.191297
12.618800
4.171880
0.607370
5.686050
3.708530
0.101037
9.090150
2.217890
3.465000
17.303000
10.147600
0.536255
4.448880
1.719730
15.558300
0.259899
0.305983
6.213850
0.241315
0.517278
10.482400
7.008750
0.684135
2.132510
8.290620
14.593200
0.956599
0.322693
1.449780
7.745600
0.575991
14.000000
3.849330
9.207860
13.093000
8.146080
8.612570
3.932640
0.438261
2.543030
0.203990
2.189720
1.846540
1.781810
8.411590
0.165985
0.167297
2.330210
2.599700
0.207104
0.956941
1.575770
2.818490
8.191520
0.174528
3.101590
0.813026
0.563347
0.498813
4.671330
1.164340
9.626330
13.414100
0.160817
4.320410
0.589794
5.620350
0.836534
5.740920
1.661860
9.490660
10.629300
1.522400
3.115890
1.073060
7.626690
3.283640
16.599500
4.239650
0.689295
3.396260
9.077930
3.754200
12.228500
0.308580
9.534670
0.528894
2.301240
0.108970
6.576050
7.089510
10.913300
0.286028
8.109060
7.004450
0.136233
0.366096
9.619120
2.702380
2.527990
0.304400
8.291780
9.803130
10.304900
0.125766
10.229100
4.031940
3.188190
12.012500
9.341440
0.563563
6.113620
7.268540
0.440368
7.462190
9.254820
4.947850
10.185900
13.140800
14.489800
0.182189
1.278740
8.528780
0.539519
14.715000
9.995380
5.670930
1.382980
1.668710
0.362979
8.879210
0.439119
4.220520
8.414780
1.900210
0.455259
6.708060
7.537110
1.138330
17.709900
2.702770
7.988970
7.396150
8.442070
19.055900
8.144460
14.234600
14.628900
0.803229
3.153080
0.349394
7.450290
0.787953
2.770690
0.312939
7.582820
10.061900
5.524660
8.365420
3.126040
1.778750
0.206400
5.625500
6.639090
10.038200
18.650500
0.714600
9.717060
10.844200
1.074030
8.421100
17.267100
11.446500
10.497500
7.649490
5.746640
2.410070
8.909460
0.119890
0.622663
5.733730
0.430382
1.750470
4.854730
0.244383
0.747846
13.411100
0.158952
3.880100
15.237700
7.758360
1.132820
8.449300
1.906810
3.244440
0.968965
1.156060
8.745910
3.364360
1.386340
0.820826
0.232001
2.105600
5.454690
2.933940
7.320300
8.156600
11.295600
11.351800
3.172150
1.479130
0.540212
0.133196
0.168926
3.240100
6.918430
0.932038
0.748332
0.490894
1.514050
16.061000
4.929260
5.917260
12.427800
2.342580
5.387880
9.788700
5.448380
8.948740
0.571732
2.241190
7.910790
10.681500
11.958000
0.105231
11.943800
2.543280
4.266230
10.680900
0.108762
0.107582
2.056890
1.351560
0.782347
0.212954
4.788670
0.103151
0.117307
0.948100
10.604800
0.304902
1.456590
15.690400
0.488858
10.788400
8.810110
0.575867
3.367870
4.138990
3.603610
6.933480
18.063500
0.223799
0.107656
8.536260
0.425762
1.739070
13.280500
1.445150
2.404370
10.693200
0.103343
0.223782
0.913654
7.222490
2.004230
5.820650
3.490890
0.563335
7.475410
2.203420
0.114217
1.445590
1.016980
0.329469
8.263330
1.223510
0.194928
0.266102
3.956140
16.681700
7.892070
6.179870
0.103180
0.713592
0.215966
1.475770
25.059000
12.623800
8.344530
7.897550
12.302800
0.641881
4.094880
4.548640
8.414220
3.252030
5.334570
7.255280
1.466290
0.279213
7.535910
1.935690
1.299680
0.174151
5.561550
9.489930
7.397080
1.429520
0.393119
5.158640
11.532200
18.583500
8.480080
2.302930
0.757897
5.336620
2.629170
8.622620
1.034250
1.534770
5.751700
0.798702
0.638266
4.388360
2.092010
0.560981
4.649510
0.793489
0.626327
3.700340
1.906410
0.660310
4.764760
10.541900
1.574140
1.629300
2.419260
4.312490
0.213822
0.916562
12.941000
0.283150
0.246692
5.674630
4.640990
15.100400
0.643700
15.932400
8.315260
15.577300
5.733550
0.530316
10.040100
1.229330
2.730390
3.399320
1.050080
1.359170
1.213220
15.434300
1.655910
6.073480
0.137012
6.932870
9.384440
0.418426
1.537950
0.446633
5.928050
1.426520
5.478660
0.417811
0.308867
8.264200
0.245334
4.474080
0.897524
1.604880
21.286300
7.685420
11.456700
8.196020
0.321268
0.118729
0.435443
1.067040
1.203370
2.242550
2.425960
0.735351
0.960960
6.057700
2.218030
1.452370
13.758500
0.889345
3.360060
11.507700
14.588400
1.079650
18.700600
0.411473
10.515900
2.821160
1.524920
0.116560
10.633600
4.773830
15.256200
7.392980
1.996380
10.963100
10.471300
0.292878
6.157030
2.621470
12.335700
12.476400
9.322320
1.540710
0.648211
0.167726
3.378440
1.947030
0.931849
4.022750
3.573110
6.593230
5.428040
0.243595
0.682308
0.295279
5.421920
8.174680
16.147600
1.899420
5.226690
13.440700
0.213633
15.729600
2.107160
0.137299
9.402820
7.785650
0.176943
14.571400
7.732450
13.513700
2.397640
5.731860
0.188674
3.891200
1.944040
10.505800
0.511930
0.383183
10.576300
0.246843
0.416854
4.200640
8.675630
2.838290
0.986955
7.922770
15.503100
1.719210
15.089800
6.837020
1.599600
4.924420
10.007300
6.736280
1.080850
0.134410
3.707900
5.047950
12.499000
0.202477
15.513000
1.609530
1.380090
11.104800
7.552520
17.349400
2.573280
1.445570
0.316886
23.260100
2.112370
9.864110
11.460400
7.135210
1.978270
15.049500
12.324600
0.269982
4.698780
0.635369
0.214065
5.076390
3.818810
4.686270
0.863414
0.136539
0.166522
10.933900
0.711168
8.162860
3.050200
0.569640
0.482732
4.317150
7.849170
5.817610
2.919210
9.403770
0.131689
0.116787
3.765550
4.771040
5.848310
0.556444
0.249347
0.669255
0.742124
8.550310
8.004410
0.397233
4.835920
6.230060
1.434480
0.435594
4.084950
7.752530
0.313959
14.943300
0.324735
0.266396
1.061530
9.472870
5.526080
0.767723
0.268473
6.689970
1.537920
1.739490
0.140479
4.277960
0.255625
11.320100
1.970380
13.498300
1.873210
0.334375
16.394600
17.702700
6.347540
0.279721
9.595150
1.186920
1.480700
0.278773
0.411453
8.683890
9.324640
2.554550
3.772570
11.270000
0.692872
1.377540
6.388460
3.444970
0.623700
4.732950
5.485940
7.767890
6.393120
9.009370
1.488330
7.942100
0.316064
6.988880
2.496960
10.136700
3.810910
2.810200
16.771800
1.621850
5.612490
16.791700
0.961276
0.712293
3.607630
2.905280
2.153410
10.447200
0.172458
7.592010
1.272690
5.086820
1.393810
9.591730
1.428350
0.475378
6.082850
5.625880
13.310900
14.818700
3.518980
10.173600
8.694770
0.303636
0.453353
3.211930
3.597820
3.158480
0.155381
2.180230
3.058780
3.670260
3.038890
0.134517
13.275400
7.354700
4.470590
6.237760
0.381118
0.902189
0.637196
1.789340
2.206280
6.244330
9.188180
18.641400
0.120340
0.274300
10.400500
4.151600
1.447460
9.417070
12.504900
4.296640
9.400170
3.406210
0.802718
14.176300
8.499350
1.250120
1.562640
6.946440
0.157349
0.173407
8.623060
4.331780
3.874210
0.251648
11.226600
12.606400
0.144694
12.525500
10.772600
9.934610
0.183695
0.401126
10.089900
0.550278
0.262304
0.152023
3.900330
2.193920
0.209009
1.328540
1.317260
7.067240
0.539192
0.179856
21.770900
3.214090
0.203579
0.214022
2.919180
1.667740
8.077690
0.235173
10.543100
4.398880
9.742910
3.390980
5.831220
14.260500
4.123830
6.597120
0.105999
12.648500
0.111747
2.825060
0.167065
8.945740
7.746170
3.152270
0.570100
2.196380
0.755011
0.106795
0.112780
0.505747
7.638700
6.868250
0.402576
0.498337
8.506820
6.534930
0.292529
4.716920
18.516200
0.414920
1.180170
0.172659
10.868100
0.412680
0.758275
1.637750
5.262910
0.166504
4.317840
0.188942
14.351100
2.699460
1.314450
0.789870
0.857140
1.215220
0.246969
0.310137
11.016700
18.777200
16.200200
4.111440
4.045240
16.548200
13.207000
0.155354
12.226700
4.524100
3.634230
9.517310
3.389620
8.843210
11.435300
0.405786
24.608600
1.480130
1.159980
2.863610
0.208964
11.524200
0.785589
10.958600
2.345710
12.918900
6.014420
9.878180
10.451800
1.188640
1.927440
0.407744
5.182340
0.440478
10.528800
9.257340
5.515810
8.089000
3.488630
0.621439
9.030430
0.112290
0.308793
8.745070
9.839860
2.397360
0.396547
0.128827
1.230260
2.515970
6.323210
0.229757
14.302700
13.663300
10.744000
6.666670
3.207100
0.228134
0.458482
9.819540
3.854300
9.433740
0.628128
3.974710
0.773310
0.125274
0.108385
5.210390
0.571761
8.136330
1.041910
10.290000
8.674100
1.079140
4.477650
12.971600
8.756190
1.144550
0.669320
1.128120
6.003370
10.911300
1.934390
13.982400
6.823490
10.047700
2.399860
1.428300
1.449380
0.147287
2.379630
0.878055
7.218090
15.954800
4.024110
0.928396
1.047780
14.551000
13.908200
2.432960
0.853364
0.646888
0.162015
0.181596
0.473983
1.957000
5.965070
5.574420
1.952670
0.180201
1.422470
1.413080
11.973900
2.072730
19.858100
0.949442
1.740730
4.783270
12.679200
0.430921
8.257010
1.117500
3.372100
0.756565
0.490702
0.769504
3.270810
0.259444
9.041680
0.153573
10.686300
3.425260
0.227564
6.551180
0.707258
9.933530
7.393050
5.211090
1.294200
6.008210
1.060150
0.165611
8.314440
0.188901
10.018900
9.860040
0.374964
0.693893
0.264195
0.945232
0.751923
5.767270
0.106254
16.196700
2.846530
11.328500
2.925280
2.622720
1.868400
6.889320
5.055350
3.674930
0.206123
0.408208
4.583340
0.139739
4.831130
5.747710
14.180100
7.280890
13.583900
7.358770
0.276029
0.464091
0.933559
6.382810
1.904360
7.226240
2.069430
0.646828
10.817200
21.465000
0.108014
10.705800
4.396590
8.574780
11.960600
10.208800
2.064190
4.534250
4.935920
1.067720
1.230590
0.848334
13.474200
0.112040
0.219746
0.381043
6.572880
0.660254
0.127665
1.724980
8.111250
2.123760
13.647900
9.657510
0.880141
3.622750
8.452300
9.464700
2.731080
1.593040
0.163879
0.858975
5.206430
0.116105
10.271700
0.319296
4.386440
7.430400
12.893800
4.928810
0.646780
0.538312
15.601000
0.397369
8.964400
0.294408
3.917070
0.681717
3.855890
0.921948
0.113081
8.519360
6.244110
0.487214
0.832743
8.764880
7.864170
0.325893
3.100140
4.100160
0.327088
0.216470
0.637324
0.422301
0.382835
6.181880
10.872300
1.740840
6.694710
14.545000
12.128600
0.288876
0.114237
0.348829
0.673211
9.549930
0.209132
1.612250
6.876530
8.921470
2.940320
0.991755
10.807200
9.443520
2.751260
0.149108
6.115170
9.936150
6.437110
0.541858
3.646640
0.145787
11.619900
2.037610
0.513642
16.411300
15.696400
0.118999
5.975110
2.887520
7.617120
0.101660
3.291800
10.363000
16.115400
2.805130
12.218900
5.808030
13.206800
2.157220
1.331510
0.320351
1.147750
6.290370
4.460150
7.048230
0.100813
13.221400
0.818112
9.105770
0.467638
4.347280
0.557699
12.289200
0.418053
0.388276
0.103753
7.205590
3.035340
0.254743
0.321827
10.028400
1.743330
8.022480
7.730090
0.387440
0.556564
1.020380
11.882000
9.029290
4.840360
15.530600
21.536100
0.819910
0.948509
0.389820
2.882760
0.778150
2.130850
7.077380
6.004220
9.893840
0.166900
0.187947
1.936990
0.543700
0.954349
1.517920
6.655240
1.913240
9.797120
4.568670
0.794818
0.791512
7.839900
8.052780
0.403391
3.248900
1.335280
0.341843
7.558280
14.746000
2.849970
0.580045
14.388400
7.817210
11.531100
0.739126
6.851290
1.013320
0.356598
0.630106
17.659900
10.061300
1.125140
6.081720
0.240242
12.394600
8.547830
0.534164
3.293360
2.002010
1.538120
0.821201
0.207452
0.590294
5.133720
1.528640
10.818300
3.188790
0.184025
10.148800
0.249863
11.228700
1.912990
3.232330
2.203720
0.813631
10.976300
4.376080
1.049580
8.715020
0.118176
2.169100
7.234110
12.208200
3.012320
5.830450
1.089610
6.521410
11.459300
6.028400
1.474570
0.822592
8.633750
1.375890
2.082810
0.140118
2.299670
3.765200
0.183514
9.848690
0.227009
0.618505
13.190600
3.563380
13.704400
0.610890
2.825290
7.947410
12.037500
0.590029
0.348142
1.538750
22.739300
1.513300
5.164910
0.291214
2.461650
5.655040
0.424768
0.330242
1.171510
7.437400
2.267550
0.273195
0.126406
7.369500
0.458214
0.909763
3.817460
2.344550
0.255214
0.468501
0.652816
2.419990
8.534750
0.599569
8.916840
1.958790
3.416760
6.987490
6.741880
3.561520
0.123685
11.389200
2.859600
5.996680
8.445170
5.416080
6.696120
0.159317
1.259280
4.957070
1.509220
1.672940
4.032290
11.636100
1.866510
5.854380
6.620140
7.752460
9.575960
6.116440
12.881500
7.271100
17.157600
8.115650
2.138000
6.971350
1.386090
13.887700
2.484190
4.770410
6.360780
0.490012
9.574720
0.832704
0.244432
0.141133
0.122267
8.268970
8.971940
1.159670
1.278580
6.135360
13.853300
13.732400
7.941460
0.148164
2.184030
8.366700
6.835630
2.807010
2.627240
22.261900
0.591510
0.681827
8.048950
0.742715
0.950806
3.193850
0.407362
3.079110
4.963640
0.100080
7.444230
1.688540
0.261417
16.356300
3.868920
5.284950
15.171500
0.218580
1.266360
10.660800
7.617150
5.784820
1.234960
5.331540
3.851160
2.629100
6.407670
12.375200
2.057620
1.263890
10.047600
3.216520
13.412300
0.220654
5.661180
0.783454
0.173982
5.445010
0.285228
3.651490
0.247655
0.197159
7.732410
6.067900
0.254612
0.591782
10.254200
8.892260
1.000430
7.368510
10.508500
0.809055
1.133810
0.277833
5.770640
0.189126
1.259430
12.400300
10.953900
8.323390
2.703930
1.679640
0.136887
0.262177
0.198768
13.172400
17.741400
15.768000
0.821548
3.465890
2.997810
4.179200
3.509920
4.960320
2.002870
4.538310
0.261639
7.538820
0.437005
9.878040
4.439780
19.586500
5.282550
7.649340
0.124211
18.151600
0.311284
0.675760
1.100980
11.297700
21.141200
0.307062
0.412504
0.226286
3.242720
0.864275
4.189000
9.273780
3.951820
7.387520
5.617810
2.513150
0.664771
1.316670
1.445960
4.970540
7.884370
8.969010
0.337943
13.494400
0.695226
8.073260
0.426234
10.021200
0.264541
0.729159
11.321900
11.307900
0.603904
1.684170
0.261004
10.967900
0.689158
6.286250
0.169012
13.625500
0.182511
15.747900
3.421930
1.787380
0.904625
0.186831
0.310039
0.624080
11.695900
0.191214
8.324100
21.879000
7.310600
0.170459
5.954650
8.178700
7.824900
7.481570
17.101700
0.166821
4.310640
0.845554
0.689148
1.428240
7.036040
17.831800
0.114402
0.382952
20.173400
1.640240
11.645600
14.347400
11.988800
4.466480
2.606160
9.627600
0.166397
2.288060
10.652000
2.190630
5.770550
0.549801
0.426534
0.222638
1.067350
3.055110
0.286152
13.020800
0.777790
7.139710
2.609240
10.210300
10.675200
12.866500
0.677747
8.608300
0.367826
2.454740
0.362819
7.641900
0.344633
0.143933
1.490490
0.737003
1.946600
3.570500
0.635861
0.305701
0.505308
0.366439
8.738180
4.433690
3.262220
0.104608
9.304740
