0.690980
0.224735
0.391396
8.164910
0.212790
1.984530
4.013460
2.807850
1.096090
3.801480
3.332840
2.282130
0.157244
2.649310
0.750272
3.334090
0.322000
0.268031
2.380090
0.366683
1.785120
1.058870
2.036900
0.334802
0.245518
0.398925
1.701580
0.192978
0.191551
4.236070
0.220268
1.058090
0.436478
0.794479
0.350114
4.028900
1.524460
3.356590
0.147383
1.752320
2.334660
1.695560
0.211138
7.099510
0.259097
0.112254
0.591381
5.876000
0.892870
2.874930
1.385770
0.487395
7.124580
0.913871
0.880929
0.325908
2.448100
0.216205
3.057440
0.313352
0.172592
0.540117
0.330012
0.425818
4.444160
0.389249
0.219746
0.101339
8.948660
3.147500
0.187587
0.230882
0.908276
0.716297
1.360350
0.147825
4.629490
0.166906
0.907963
0.346645
3.123340
0.333683
5.497170
0.763161
0.955432
0.376920
0.527748
0.309278
0.263017
0.129633
2.301700
2.017720
0.817307
0.196270
1.695100
0.118251
3.474030
1.007330
3.710340
0.146211
0.101856
0.107222
1.509660
0.912037
0.410819
4.928330
1.084960
0.333068
0.198748
0.537319
0.550365
2.443620
0.180016
1.152060
0.456952
0.155698
0.260786
9.783890
0.743312
0.445299
0.214637
3.621300
4.098370
1.466100
0.480825
0.223052
3.649370
1.261290
0.649639
0.262935
5.608820
0.154834
0.766312
0.115876
0.291818
0.234568
0.117448
1.839670
0.466958
1.305630
0.258399
0.512495
0.819283
0.168896
0.115820
5.751710
2.428990
0.246667
3.569310
3.177970
0.880226
1.549350
0.155428
0.174186
0.135677
4.003400
0.123056
0.235300
2.278860
2.485360
0.688864
5.199270
2.441260
0.421388
2.182340
2.139400
0.712886
3.708340
0.833206
0.172567
0.809972
3.781680
0.213108
0.289843
0.675941
0.241719
0.743026
4.728480
0.183164
5.241930
0.415694
0.536051
3.391380
3.254050
4.006960
11.655800
0.333137
0.159343
1.310970
0.405175
1.452890
3.096760
0.497396
2.754540
5.812380
0.700349
6.817460
0.218338
0.963812
0.536941
0.961368
4.941780
6.165400
0.188172
0.848153
0.349085
3.444260
0.724225
0.116425
0.140344
0.471503
0.654050
1.938060
3.069020
1.727480
4.744680
0.885462
0.170102
4.548470
3.274150
0.677100
2.138880
4.458870
0.338138
7.748670
2.080830
4.977660
2.312800
0.476440
0.146598
0.140157
3.162230
1.878430
5.411640
0.496317
0.103063
0.295544
0.828271
0.248078
0.293056
1.014610
0.487566
0.382309
0.138248
0.104190
0.620895
0.829720
1.980590
0.120429
0.629217
0.106276
0.418838
2.939560
0.824020
1.026310
0.556541
0.189298
0.806052
6.438740
1.703990
1.084540
2.471070
7.608990
0.154002
0.498273
0.112149
3.112480
0.161984
0.929342
3.178650
0.328136
3.499190
0.356905
4.217950
0.172732
0.218195
2.837110
0.753202
0.151573
4.821290
0.826141
2.282260
8.296250
1.468900
3.927580
0.548818
1.906480
1.528010
0.385126
0.179314
0.772936
3.558590
0.252347
0.107463
2.489090
0.205844
0.127397
1.827630
0.200459
0.132616
0.383733
0.816923
0.873290
0.253971
2.209250
3.124760
4.151080
2.139870
4.489070
1.490170
8.060550
1.363880
0.630297
0.121139
6.100760
1.533980
0.103644
1.690910
0.358312
1.499780
1.828610
3.383390
1.317070
0.201274
6.604780
0.706182
1.513740
0.272293
0.181246
1.349040
0.297741
0.187085
0.114586
0.150021
1.198870
0.121469
4.220470
2.352700
0.204248
3.986310
0.823862
1.983820
0.207217
0.203030
0.215123
9.262510
0.144034
1.201560
7.901310
0.149323
2.626580
0.602876
1.414290
2.576840
0.973852
0.142220
2.152430
7.971080
7.097300
4.300970
1.911140
3.136060
2.426680
0.339527
2.225640
8.066710
0.825205
0.127892
0.126601
0.322567
0.508575
0.562298
0.262183
1.684250
0.292407
10.804400
9.645220
3.389980
2.349590
0.524194
0.782964
0.144373
0.714806
0.308450
1.368920
7.139120
0.210684
1.854080
3.109790
0.136715
5.555570
0.396802
0.878402
0.517328
0.327350
1.119620
6.285820
3.641160
2.876400
10.795700
1.418630
4.770780
0.525724
1.558220
0.101368
0.137724
6.228180
0.311437
3.082590
0.296757
0.942476
0.247903
0.109658
0.182653
4.544560
0.197106
0.104824
0.803783
3.111300
0.201123
0.105229
2.315430
0.231432
1.349150
0.481686
0.123144
1.865590
0.374084
0.540004
0.161833
0.109200
0.692121
0.222262
0.493190
3.062980
0.106035
1.038840
2.729200
0.138530
1.009170
3.618650
0.171811
0.558903
0.236525
1.827620
0.467897
0.322477
3.665840
0.454076
0.160567
0.211910
0.129755
1.215040
0.666509
1.252880
0.211881
1.154380
2.618100
1.680720
4.889150
0.159312
0.399233
0.803021
1.337040
1.476590
0.935973
2.540670
0.157331
0.292193
5.436030
1.266680
3.554470
1.305020
1.073880
0.197976
0.647558
0.880809
0.225611
1.005690
2.388540
0.629636
5.435210
1.156820
0.550644
0.427498
0.254825
0.491513
9.184450
4.562640
0.228619
0.169455
1.087210
3.819130
0.959825
1.873830
0.363580
0.135739
2.837360
3.373320
0.222397
1.539560
0.172030
0.459878
4.445160
1.491380
1.154530
0.292935
0.188990
0.275125
5.933990
0.944944
2.235740
0.269558
2.947330
2.213270
0.161480
4.646710
0.238443
0.427548
0.810701
1.912640
1.053140
0.139260
1.745000
0.878842
0.224581
1.059070
4.770910
0.711425
2.770350
0.167914
0.435270
0.116546
0.321906
0.414160
2.998530
0.413704
0.443211
1.909220
1.529370
0.193711
1.993080
2.428160
0.354991
1.474670
0.324122
0.160888
0.358264
1.414700
2.819600
1.170680
4.232050
1.109860
0.240578
1.412450
0.819092
0.182701
0.259340
0.217385
0.225967
1.004070
0.213904
0.119365
0.116916
4.213370
1.420440
0.938077
0.338676
0.132419
1.061170
8.476240
0.958300
0.599893
0.463339
0.335166
4.174520
0.548545
2.216340
0.819680
0.175865
0.834138
0.263739
2.953240
1.302100
0.864717
1.096530
0.580273
0.526777
0.286875
0.376987
0.159368
3.708840
5.562360
4.882940
0.930629
0.427775
0.219554
0.113075
0.173359
4.936260
4.221270
0.142745
5.289180
0.184476
0.294327
0.123330
0.293287
0.186216
0.667444
0.330578
0.275842
0.171641
5.534030
3.305940
0.115339
4.237060
0.123282
1.558270
1.013250
0.188629
0.411728
0.516990
1.146630
0.513745
0.595775
0.109109
1.169490
1.136180
0.746391
0.154220
0.539083
0.797895
0.666023
3.803550
0.768577
2.080500
0.138400
1.478310
0.607807
0.248287
0.571489
1.217990
0.245656
1.977490
0.103852
0.501062
0.193161
1.157620
3.791550
0.178644
2.366180
6.534560
4.032150
3.542400
0.405053
0.536531
8.824300
0.367964
0.185594
0.750558
2.268650
0.188543
1.277040
2.656310
0.558923
0.772172
2.305930
1.678230
4.426860
0.934685
5.393060
0.157916
3.324730
5.050700
1.255440
0.114628
8.515820
1.161330
0.227447
1.393160
0.414878
1.444910
3.514160
3.643050
0.687711
0.120846
1.621210
2.264910
0.497581
0.135858
3.780290
1.676360
0.126925
1.859390
0.194737
1.414480
3.691970
0.205066
0.723669
0.155330
0.549298
0.913826
0.151907
0.231158
0.286519
0.679829
5.983430
0.103847
2.856550
2.059180
0.222794
0.198262
0.132322
2.970730
0.669633
6.878810
0.244212
6.011310
0.353555
0.176842
2.778580
6.438230
7.522650
0.163422
1.752310
4.093310
0.941519
2.689620
0.413539
0.517181
0.247473
0.372708
0.123331
1.364560
5.222330
7.027310
1.600830
3.693800
7.754980
3.543570
1.110790
3.459580
1.366520
1.038390
1.909270
0.231554
2.135180
0.849821
4.985200
4.316220
2.490680
6.263420
0.703003
3.059200
1.652320
1.023630
0.789101
0.111255
5.857800
0.176211
0.675688
0.410788
0.353631
9.041490
2.580790
7.769120
1.485250
5.706370
1.936050
0.484788
0.895825
0.692306
7.383920
2.011650
4.753270
0.130768
0.546787
0.120607
0.467648
0.756446
0.955466
4.111760
1.519500
0.416007
0.175865
4.939250
6.019910
0.119267
0.113684
1.621380
0.416052
0.255633
0.278500
2.862880
8.611640
0.972863
0.182867
0.128207
0.101593
2.509610
0.374882
0.120360
6.856920
5.863880
0.815896
0.974021
6.280770
0.113185
1.790030
0.418792
0.468285
0.555043
0.466068
0.335750
0.203489
0.127685
0.361511
0.298906
2.659080
1.781940
3.205480
0.855562
0.135742
0.103857
3.152330
1.505730
0.712376
1.042030
0.458300
7.468900
2.591600
0.112083
2.237300
0.172401
2.543470
4.268310
2.487170
4.819780
0.269551
0.360958
3.317540
0.329484
4.786710
0.120831
0.182180
1.442910
0.614598
5.002910
4.234800
6.400730
0.323358
0.555709
1.122370
1.260870
0.976831
0.105307
3.319410
0.818376
3.685780
5.522290
0.324957
0.794529
0.943689
4.524210
0.166294
1.956730
0.974820
3.277660
0.145018
0.147837
0.122728
0.176721
1.821460
7.758980
2.502240
2.077240
3.556390
0.581451
0.225808
0.752633
8.441090
1.147190
0.211815
0.197711
0.246528
0.406287
0.574287
0.430638
1.733150
0.670527
4.071250
0.752337
2.237400
0.888510
0.157744
2.059480
2.288060
0.474162
0.782264
1.533710
6.664280
0.761791
6.473810
3.288870
0.347813
1.588990
0.146611
4.719880
4.278910
0.414493
3.976930
0.145195
1.522240
0.249073
5.492400
0.221324
3.451090
0.105983
0.133859
2.165760
1.270360
0.757250
0.597651
3.328190
2.477750
0.107265
3.289920
2.819670
0.236840
0.141316
1.324780
0.160748
4.343160
6.172520
0.320360
0.111774
0.561230
0.347939
0.191464
0.134403
0.124591
5.417850
0.115204
5.800590
0.349745
3.584630
1.340860
0.890732
2.254820
0.545360
7.227820
4.801530
0.732588
3.446720
0.322333
1.161080
1.007800
0.155430
2.061500
5.447350
0.133223
0.176892
4.715550
0.514636
3.159490
2.193220
0.587779
0.446882
0.377691
1.231790
0.137603
1.001460
0.285651
0.180350
1.497640
1.924400
0.369860
0.295875
0.230480
1.863320
0.811075
0.138022
0.997936
3.650320
2.230090
0.105008
0.269423
3.685080
0.305549
10.937900
2.301040
0.752939
0.230881
0.202408
3.053900
2.378060
4.582610
5.596270
2.300250
1.252400
0.316217
1.092400
2.230440
2.816210
0.642843
0.680548
0.550287
1.284250
0.469511
0.228741
0.937017
0.888311
0.726071
0.122868
0.531632
0.446311
0.224430
2.972480
0.157734
4.878150
0.171378
4.091300
3.829420
2.682320
0.163989
1.591870
4.809720
0.590680
0.158074
9.327580
9.331000
7.104790
0.623457
1.187250
1.890090
0.907997
0.138578
0.175989
0.522443
0.654881
3.045080
0.286728
0.378112
1.793710
0.326970
0.103511
2.669890
0.722977
0.205882
0.230715
9.801120
0.942055
0.217168
2.018700
0.705734
0.726143
2.717040
0.863555
1.733410
0.784805
0.480094
4.872180
1.384440
0.253273
7.757400
2.559620
0.160377
3.040640
6.733610
0.275370
0.514345
4.793520
1.204380
4.721550
0.730364
1.087640
2.903260
2.231000
4.765620
1.487050
0.555172
0.693675
0.574111
1.342560
0.558401
0.214859
2.122500
0.505287
0.476128
0.405646
0.201441
0.669354
0.162330
0.650777
4.877350
1.124700
0.463845
0.315603
3.052160
3.838340
0.280422
1.331540
2.006500
0.534198
0.319205
0.609980
0.110973
0.686850
5.671190
8.389960
3.574700
0.815070
0.470559
0.344120
1.247980
0.602082
0.177130
2.708210
1.550250
1.540720
1.213610
0.452685
6.418620
2.422300
0.666759
1.527460
0.301000
0.384559
0.197080
4.447700
4.077200
8.497540
2.612170
3.332960
0.114039
0.184494
0.217764
1.331260
4.395560
0.216959
4.874820
0.308837
0.350643
0.641446
6.436360
0.137446
0.362164
2.407580
9.520130
0.122613
1.905030
1.290160
3.665660
0.427438
4.332900
0.435816
0.204811
0.551594
1.615820
0.281851
0.292806
0.503961
0.343448
0.148805
0.752937
1.231770
0.296524
0.199242
0.286751
0.219609
0.963107
0.340561
0.974928
1.686670
3.643040
0.122691
1.548730
3.561110
6.119280
0.174568
4.040350
0.152543
0.787710
1.600440
0.185997
1.310590
0.146607
0.909467
4.024550
1.884350
1.492260
1.302710
0.229262
0.770040
0.630569
0.289599
3.773230
4.559590
2.996270
8.283980
0.608992
0.748575
4.592910
0.174373
0.178273
0.850949
4.847660
0.419020
6.359690
4.060800
2.302530
2.367150
0.263142
0.619824
1.987010
0.108530
6.356010
0.321532
1.449740
0.162687
1.208140
0.295485
1.485750
0.197811
0.416618
0.114365
0.242305
0.362086
6.983140
6.067330
5.042400
3.342340
0.163963
4.541760
0.236424
5.175490
0.249200
3.165860
0.103319
3.283490
2.836990
0.314258
1.079530
0.296493
0.124560
0.638095
0.587720
0.381770
4.287040
0.172130
1.967430
0.857104
2.979690
0.438129
1.611980
0.147383
2.980460
0.259434
1.777420
0.336577
0.186904
0.615623
0.293405
0.470470
2.178770
0.629432
4.024880
3.645710
1.425630
0.142755
4.536090
1.155460
1.461500
3.211060
0.291950
0.411283
4.331670
0.134800
0.287553
0.366813
2.333810
0.184271
0.371868
0.199960
3.628230
0.192572
0.147122
0.243760
0.881404
0.120969
3.815080
0.514575
0.427044
0.323749
4.420730
1.323810
1.103230
0.111560
0.150263
0.727843
0.156184
1.786720
0.509131
1.238340
0.533144
3.380870
2.089890
1.075110
6.541470
0.258863
0.344450
0.243522
0.551421
4.750090
1.974540
3.556950
1.374390
0.163553
0.175973
7.194700
0.380268
0.348446
1.095730
1.868880
0.105565
0.525793
3.528010
0.603014
1.130390
3.324230
2.956820
0.211139
0.817215
0.142368
0.170520
3.459470
0.133809
1.259350
0.109867
1.908190
0.164742
0.671967
1.000140
5.636980
0.181331
0.298568
0.244640
0.111815
0.378318
0.939933
0.275083
0.992521
0.242540
0.184458
1.649410
0.137233
0.606486
0.347087
1.072230
0.204679
0.167587
4.133350
0.222288
0.201114
0.115735
2.433330
0.124278
0.137996
1.058470
0.687137
0.618605
0.310850
0.583665
6.542560
0.701243
1.276800
4.401670
0.656014
4.348530
2.474630
0.107990
7.960810
2.411780
1.912130
0.121657
0.387847
0.360748
0.913498
0.161345
0.340017
0.202965
0.411426
0.269333
4.354480
0.153873
2.302540
0.333640
4.209600
3.698500
3.145280
6.059880
3.696100
0.148232
0.170073
0.344490
3.941130
4.007330
0.100112
0.339739
0.318626
1.307070
0.189512
0.940115
2.476390
0.271964
0.795773
1.711060
1.630770
0.371598
0.109236
4.379780
0.366347
4.581150
0.370122
0.368033
0.101378
0.377258
1.021000
0.175326
2.024900
0.353532
0.213005
0.110211
2.669060
5.759970
0.121502
2.327170
0.168193
0.329891
0.985552
0.120809
1.386910
8.262230
1.010630
5.484180
0.382978
0.779915
1.239100
0.367198
1.669350
5.304440
0.930101
1.815590
0.691234
0.113263
0.777688
0.754848
0.145672
1.980760
1.791100
0.315465
0.391686
0.339167
1.273140
4.453070
2.034330
0.218295
1.241660
1.080410
0.134289
1.207350
1.514920
0.265031
1.163250
0.594476
0.170665
1.871300
0.196306
0.121430
0.106637
0.564615
0.489597
0.208860
0.356685
4.668910
0.594295
0.310511
1.950700
0.584637
5.923220
2.519080
1.180290
1.517630
0.215152
4.712480
0.445058
2.127740
0.184414
1.030550
3.129070
0.192766
3.654160
2.170250
4.642780
0.197556
2.014890
0.249126
1.221250
1.056310
0.538897
5.005550
7.211070
2.101460
0.319476
0.117233
0.623369
0.300684
1.314770
5.238070
0.165773
1.768120
1.027850
0.105042
2.009700
2.619890
0.771587
0.127774
5.143460
0.585018
2.240570
0.863361
4.025060
3.357170
0.170011
0.689087
0.462468
0.998936
1.324030
1.452600
3.943540
0.167544
1.870940
3.341530
0.164737
0.214040
0.618305
0.149010
5.945610
3.652150
0.470047
5.954840
1.586420
5.944950
3.885560
0.201034
0.428878
2.386100
1.240640
0.132186
2.024200
0.400169
0.206147
1.539980
0.703627
0.695278
1.617660
2.102050
1.617230
0.125987
0.529862
0.125438
1.193880
1.047910
1.379030
0.454890
1.059480
0.635326
1.012950
3.424100
0.520249
4.555940
1.565960
0.459888
4.859340
4.811210
0.938336
0.155599
2.669270
0.114524
1.965230
4.904310
0.366389
1.352390
0.154557
0.661124
5.991830
3.901770
8.363400
2.199280
0.793889
0.390254
1.532250
3.519250
0.846385
0.215506
0.129659
0.311335
0.119662
0.148720
3.149400
0.286947
3.355900
0.511764
1.079760
1.171860
0.443063
1.801260
7.770520
9.742390
2.025620
0.492326
1.594400
0.144005
0.938088
1.653450
5.773960
1.067210
3.742980
0.408273
1.856460
4.155260
0.328605
1.306200
1.475520
2.193600
2.921420
0.122131
2.169970
0.188930
0.294906
0.607969
0.126076
0.643182
1.983870
4.262280
0.415754
0.351435
0.132453
1.169990
4.444140
8.888770
0.181378
0.279280
5.372390
0.325779
4.427450
5.141780
0.125691
0.950513
0.285917
1.217020
2.112370
4.929460
0.251208
4.116020
0.416908
0.935013
1.678370
3.382410
0.801437
0.320758
1.428360
0.245807
0.748243
6.563410
0.323144
0.216266
1.794350
2.808880
10.604800
1.040200
1.536880
0.218732
0.121227
0.219697
4.409340
4.035970
2.410160
0.989011
1.756160
0.388362
3.146190
1.680970
0.224965
0.155850
3.489120
0.291691
0.312867
0.263843
0.338897
0.780298
0.343863
3.846580
0.667787
5.853910
2.455720
0.897500
6.891640
3.226600
4.694280
1.383480
0.137416
0.844550
0.206238
3.923640
5.123710
3.271880
3.349670
1.773250
0.126945
1.794750
5.020130
1.693850
0.178152
12.046800
0.137929
0.169056
1.821560
0.683784
1.982120
5.584310
2.007520
0.256263
0.399383
1.387760
0.898949
0.288694
1.519200
0.158338
2.532940
2.002360
1.282000
4.332410
0.215318
1.817460
2.376120
0.406383
1.381920
0.118165
3.283090
0.380341
0.974332
0.287065
0.186506
0.166513
5.748110
2.629490
0.299340
0.429852
0.155520
3.535010
1.871060
0.186137
3.621150
0.553068
0.268769
14.559000
1.992440
0.407695
6.654760
3.373530
1.685770
0.503123
0.160151
0.212174
0.300557
0.129932
0.530539
0.181565
3.590070
0.582179
1.132040
0.248485
0.805603
0.129290
0.466871
0.349048
0.137261
1.191310
0.141489
0.198345
4.296800
3.623750
0.786530
0.314483
3.721970
0.827041
3.148850
1.565180
0.875377
0.144819
4.205290
0.124346
5.588460
0.886376
0.391182
1.123930
0.221927
1.654220
1.000420
2.193980
6.373560
2.737010
3.770700
0.224239
0.187487
0.575871
6.737070
7.691660
0.651883
1.145340
0.654835
1.377100
0.237294
0.226561
3.112750
0.118527
6.707530
1.382080
0.358993
0.957104
1.165440
0.382985
0.189324
2.429590
0.418355
4.713800
0.340383
0.380708
8.171910
4.675490
0.174953
0.718264
1.548270
0.719454
0.411659
1.340170
0.163008
0.451432
2.163080
0.108805
0.988394
0.315350
4.393140
0.210392
0.219254
0.253768
0.763814
0.244428
4.205720
0.357904
0.857005
3.404740
0.285548
0.149993
3.931830
1.021430
1.523890
0.383547
0.417627
0.684301
4.663250
3.205660
3.373590
3.452000
0.226911
0.181298
0.306668
0.108971
0.324210
8.149680
1.070880
0.106671
0.827113
0.368451
0.319068
1.156810
0.194324
6.097240
1.988910
0.145501
0.158499
0.663489
0.420052
0.196413
8.679040
8.401260
6.519870
1.400510
0.226267
0.162221
3.756870
1.832520
5.534910
1.781960
3.755090
0.559255
0.139703
3.166220
4.879340
0.408267
2.517020
0.610804
5.124860
0.178521
1.457040
0.140536
0.190772
0.209942
0.331594
1.707770
0.635364
2.824390
0.115652
0.118035
1.986900
0.182512
0.248845
5.817560
0.628445
2.456140
0.751867
0.843703
2.771530
3.518880
0.715852
1.274630
8.302140
0.603946
0.174802
0.125829
1.822250
2.275520
0.379087
0.379883
0.123147
3.445840
0.129281
4.339490
0.312998
3.304210
0.277501
3.666220
0.470232
7.163400
8.098190
6.283340
0.560290
0.176304
1.311430
0.362665
0.137430
0.790715
0.356085
1.055270
6.038080
2.097560
0.127839
1.928150
0.115057
0.667097
0.822191
0.108140
6.466990
0.512227
0.192824
0.322484
0.126594
0.225181
0.152137
0.741847
0.472706
7.173540
0.166215
0.185867
0.421250
0.193481
0.102392
3.645890
0.114362
0.245319
0.258269
1.637000
0.254815
0.343439
0.246325
3.964120
0.323464
0.321439
4.269950
0.119265
1.230890
2.846920
4.227230
0.199917
0.275321
0.396874
1.373360
0.254004
0.345386
0.108836
0.421750
0.109865
0.107920
3.954630
1.114400
0.222042
0.787147
0.106377
1.287580
0.199548
0.816894
0.271949
0.295092
4.545580
2.052590
1.770000
0.717905
0.175505
4.025100
0.451174
2.659800
0.143282
5.803500
0.532349
3.260520
1.555730
0.534072
2.481310
0.668643
0.183103
2.208140
0.169407
2.322460
1.585810
0.854188
0.885157
0.207994
0.147974
0.388833
3.308850
2.589900
1.246100
1.203070
3.748650
0.109004
0.997220
7.404970
1.001350
2.463270
0.340651
2.003660
1.741630
0.168285
4.409930
6.059850
0.751152
2.934360
2.578880
0.217177
1.914000
0.480440
0.220536
0.395048
2.520110
4.764500
0.202225
0.129263
0.992236
0.884437
0.309958
2.288970
0.990603
8.696590
0.162131
0.624778
0.319838
0.749797
8.542210
0.203911
3.764000
0.285445
0.803717
0.109520
1.001460
0.122828
0.261133
3.731140
2.447070
0.536836
0.100042
1.346140
