0.000027195
0.000005537
0.001404265
0.003276557
0.000391513
0.000688212
0.000003492
0.004140112
0.003539336
0.000205077
0.003635510
0.003453249
0.000011030
0.001929309
0.002746140
0.002815867
0.000958870
0.000009125
0.002454594
0.000007430
0.004158635
0.000011104
0.003309708
0.000000000
0.002314392
0.000054443
0.002119561
0.003145446
0.000003408
0.002683492
0.000084840
0.002722226
0.000023589
0.001533712
0.000350907
0.003546786
0.000167687
0.000017175
0.002856734
0.000016062
0.000012588
0.000005234
0.001328564
0.000110250
0.000026296
0.002089467
0.001354084
0.000160991
0.000000000
0.000142468
0.000019615
0.001755861
0.000020913
0.005974825
0.000006577
0.000012247
0.003437611
0.000013951
0.003512449
0.000081045
0.001852031
0.000011689
0.007769754
0.003592828
0.000310794
0.002499402
0.002760017
0.000949317
0.000008520
0.000229058
0.000072927
0.003244930
0.000000000
0.000009271
0.002319838
0.003205650
0.000008234
0.002791738
0.003416915
0.000033547
0.000655519
0.000304982
0.000608943
0.003142688
0.000829488
0.000032666
0.000017614
0.001104942
0.012404342
0.001287045
0.002558760
0.003032007
0.000251739
0.000118801
0.001422866
0.000210207
0.000005561
0.000012547
0.000023805
0.003020152
0.002984603
0.002357725
0.000049568
0.001299437
0.000031549
0.000005153
0.000063031
0.000006594
0.002880450
0.002403798
0.006777945
0.005036048
0.002556209
0.000066538
0.001206562
0.002794421
0.004384803
0.001521197
0.000003546
0.005331395
0.001874019
0.000009731
0.000519974
0.000317054
0.000873883
0.000000000
0.000012521
0.002909555
0.004222374
0.000799479
0.000020562
0.000000000
0.002152291
0.000000000
0.000847453
0.002435548
0.000023699
0.000053077
0.000279462
0.000140876
0.001072961
0.000005144
0.000012594
0.000008038
0.003014200
0.000074961
0.000083720
0.000007940
0.002948800
0.000009129
0.003445013
0.002044083
0.000082910
0.000005793
0.002244205
0.005072209
0.002859081
0.004648490
0.003585653
0.002451045
0.000025086
0.001592002
0.000022210
0.002407657
0.000000000
0.000006018
0.003951667
0.005898491
0.001310938
0.000911439
0.004458812
0.002255433
0.006287411
0.000021493
0.000090321
0.000022548
0.004324086
0.001033353
0.000004698
0.005201200
0.000066024
0.000012382
0.000015672
0.000008227
0.002853924
0.000802880
0.002063231
0.000027037
0.001987925
0.000960819
0.004018593
0.000010073
0.000942369
0.004093508
0.000119926
0.003333007
0.000009691
0.003454656
0.002167554
0.000064300
0.002901489
0.000000000
0.002855929
0.001872480
0.000003793
0.001623656
0.000039458
0.000199819
0.003743672
0.000038657
0.000213615
0.003527158
0.000000000
0.000144464
0.000003753
0.000000000
0.000007641
0.002362268
0.004648968
0.000198659
0.000050175
0.002877635
0.002535050
0.000128958
0.002440210
0.000026394
0.003459782
0.003130664
0.010797072
0.012217462
0.003127101
0.002375102
0.000794905
0.000421900
0.001201597
0.001285242
0.000028466
0.003083682
0.011550339
0.001787555
0.003556869
0.000106787
0.000013428
0.000007353
0.000017489
0.003466670
0.002299763
0.001759494
0.002985594
0.002791210
0.002408490
0.000012719
0.000694229
0.004828727
0.004312243
0.000550879
0.000018516
0.000011530
0.002397555
0.000157700
0.000149813
0.002618563
0.000038410
0.003870453
0.000997976
0.001899134
0.000032794
0.000279021
0.003067676
0.000008713
0.002937035
0.000004506
0.002574108
0.003011297
0.000896876
0.002371372
0.001711425
0.003334777
0.000016191
0.006031139
0.000007964
0.000019175
0.000239818
0.002674822
0.000364756
0.006100450
0.008813406
0.003321358
0.004813241
0.002269137
0.000009588
0.000029250
0.002139339
0.003383471
0.000419693
0.000009995
0.001915028
0.000024806
0.003623084
0.002385785
0.000102975
0.003626177
0.001432397
0.001394206
0.009701859
0.001315926
0.002443827
0.000777907
0.000064400
0.000774119
0.003077652
0.005339512
0.000000000
0.001824011
0.000019826
0.006754764
0.000009365
0.000006910
0.002855566
0.000112965
0.004055955
0.005433727
0.000003757
0.003318691
0.000026564
0.000000000
0.002428738
0.000314655
0.002476921
0.000000000
0.001029057
0.000037254
0.002226851
0.002777137
0.001732412
0.003146831
0.001864606
0.000039577
0.002813209
0.000004450
0.002318703
0.000808760
0.003232628
0.003383387
0.002432069
0.005288462
0.003364742
0.002514499
0.006475327
0.001468134
0.003725948
0.002185647
0.000007976
0.002601952
0.000006019
0.000050916
0.000937481
0.000000000
0.000003839
0.002536783
0.000303780
0.000019352
0.002798758
0.005518425
0.000588830
0.004208101
0.005599174
0.002295198
0.003180218
0.003711635
0.000167575
0.002826826
0.000008570
0.002760969
0.000041261
0.000016730
0.000024676
0.004591635
0.001732901
0.000430521
0.001807065
0.006375656
0.000882201
0.000815668
0.000610991
0.003456470
0.003298005
0.000042625
0.003361380
0.002418348
0.000011713
0.001679975
0.000770495
0.002818520
0.001484292
0.000000000
0.003111437
0.000134233
0.000004626
0.000346163
0.002690868
0.002019108
0.000223216
0.002458853
0.002555007
0.000050921
0.000439109
0.003114914
0.000161364
0.000013145
0.000013404
0.003055580
0.004149120
0.000021070
0.000008318
0.000046850
0.000557954
0.000423651
0.000091198
0.002868553
0.002931585
0.000043707
0.002649935
0.000032482
0.000082016
0.001138960
0.000019068
0.001579164
0.001770931
0.000015160
0.002173687
0.000011464
0.002921163
0.002755742
0.000019384
0.000000000
0.000012059
0.001365542
0.000007222
0.000113484
0.002871536
0.001313023
0.001504648
0.003846034
0.000974128
0.000024508
0.000000000
0.003287558
0.003009011
0.000019283
0.002820406
0.002215208
0.000040317
0.003401955
0.000120741
0.000000000
0.000047200
0.000177371
0.000019570
0.000000000
0.003944937
0.006901641
0.000295814
0.000240818
0.000167523
0.003774658
0.000015390
0.000007784
0.000006996
0.002728540
0.002878301
0.002939333
0.000006960
0.000018683
0.002371780
0.002170238
0.006564040
0.000048442
0.000031729
0.000333685
0.000016379
0.003340253
0.002525465
0.000349135
0.000050637
0.000008495
0.000539084
0.001611560
0.001693153
0.000064332
0.001213778
0.000007888
0.002285523
0.009679417
0.000017435
0.003052244
0.001827712
0.001710190
0.003111382
0.000000000
0.002539233
0.003111574
0.003614481
0.000017045
0.001744195
0.000008213
0.000000000
0.002085061
0.001685376
0.002852622
0.002029113
0.000013149
0.000918626
0.002446340
0.003536396
0.005356763
0.000010226
0.000018830
0.001094333
0.003269659
0.006268166
0.000023079
0.002536601
0.000111474
0.006006865
0.000006057
0.003577573
0.002169628
0.000010321
0.003247527
0.004155009
0.002942025
0.002555230
0.000058728
0.002479505
0.001622304
0.004787494
0.000086847
0.004303542
0.000007724
0.000113728
0.000000000
0.003929034
0.000020295
0.000008239
0.000007460
0.000343054
0.001901284
0.000000000
0.006416046
0.001791100
0.000133259
0.013014410
0.000000000
0.000010390
0.002942013
0.000012652
0.001594707
0.000005903
0.000075853
0.001073635
0.002591937
0.002848920
0.000007389
0.001084312
0.001901869
0.000028916
0.000008655
0.000027771
0.002661730
0.002671049
0.002925856
0.000050296
0.000009123
0.000029435
0.000007048
0.003432292
0.006288945
0.002689569
0.000447695
0.002215569
0.000048749
0.000019680
0.003740014
0.001507018
0.000321518
0.003668923
0.000319623
0.002169863
0.001331578
0.001754698
0.000984259
0.002780736
0.000834079
0.000757867
0.000060122
0.000000000
0.000029244
0.002887950
0.000828999
0.000212164
0.001710322
0.000257635
0.002135055
0.001915346
0.003296789
0.000019913
0.000791214
0.000004058
0.000000000
0.000047153
0.000306899
0.002246064
0.000003798
0.002722585
0.000039653
0.004275437
0.001378340
0.000862136
0.003278990
0.002360690
0.002771529
0.000952428
0.000118656
0.000036619
0.002547998
0.000410058
0.000741318
0.001273996
0.000041438
0.000015513
0.000153951
0.000005432
0.001218566
0.000109827
0.000589631
0.002584126
0.007126177
0.003370917
0.000009948
0.000015600
0.000027099
0.000114969
0.000027167
0.001008047
0.000007008
0.002682290
0.003192436
0.003293672
0.003468857
0.000200076
0.000023169
0.000000000
0.001271581
0.003096630
0.002916635
0.000000000
0.005284943
0.004681296
0.000007966
0.000039651
0.003519314
0.000018481
0.000006320
0.003205737
0.003013505
0.000070056
0.003385963
0.002568373
0.003069196
0.000378952
0.000006782
0.000000000
0.000008939
0.002139449
0.002724651
0.000003872
0.003606924
0.000029531
0.005120932
0.000017382
0.000005144
0.000137812
0.000193636
0.002448744
0.004023832
0.001652943
0.000006904
0.000004949
0.001150210
0.000574860
0.003643085
0.003194478
0.009925137
0.003909111
0.004752689
0.000113639
0.000053771
0.001109120
0.002458616
0.000150754
0.003162716
0.000034066
0.001455420
0.000069195
0.002899879
0.000422875
0.004385274
0.000008885
0.002219456
0.001053560
0.000025447
0.003117569
0.000027420
0.000014249
0.000762939
0.000009532
0.001453219
0.000060911
0.000286778
0.000944123
0.000764033
0.000198225
0.000000000
0.000022883
0.000058901
0.000023521
0.000007346
0.002984962
0.003570814
0.000546802
0.000015509
0.000025073
0.002026431
0.002582210
0.000078616
0.003049667
0.000000000
0.001841349
0.003001848
0.000016559
0.001587685
0.000077701
0.003215247
0.000881493
0.001325931
0.000044887
0.000033690
0.000028926
0.002175118
0.000000000
0.000033708
0.000627933
0.002595946
0.003372960
0.003048868
0.004483423
0.000008179
0.000027332
0.002804085
0.000015116
0.002024499
0.000324412
0.005020830
0.000006204
0.001940008
0.000006032
0.000277489
0.002733944
0.003263407
0.001934143
0.002240165
0.004744595
0.000027280
0.000000000
0.001751519
0.005526569
0.000080774
0.001270090
0.000912186
0.010113603
0.000379474
0.000006111
0.000394969
0.002883583
0.002700587
0.003478900
0.000726823
0.004876741
0.000676777
0.000006640
0.001131130
0.006684414
0.003357246
0.001881328
0.002331254
0.001729436
0.002547840
0.004245880
0.002340030
0.002450873
0.000283489
0.003438035
0.002608809
0.001329156
0.001752941
0.000036836
0.000000000
0.000179589
0.003101940
0.000408189
0.002203213
0.002945572
0.005448602
0.001773729
0.001953888
0.005299561
0.000060885
0.003707055
0.001366061
0.000198660
0.001660535
0.003585009
0.000000000
0.001386963
0.000308139
0.002370488
0.000705818
0.003327375
0.002911608
0.000784326
0.000803157
0.003460202
0.000014628
0.000104483
0.000029206
0.002668309
0.002266933
0.002066681
0.000906827
0.000015057
0.002944001
0.000059112
0.000126629
0.001629718
0.006169189
0.000021099
0.000006132
0.002424732
0.002465078
0.002352585
0.002532824
0.004949699
0.011386200
0.000061344
0.002462710
0.002335040
0.002115987
0.004561668
0.000027835
0.003376431
0.002917075
0.002939573
0.000342818
0.002005853
0.000016223
0.000050289
0.001788941
0.002151018
0.002172849
0.001967496
0.000217723
0.003405385
0.003458299
0.002817664
0.002151208
0.001593974
0.000000000
0.000272701
0.000657364
0.000069584
0.000009819
0.000029657
0.000183603
0.003373132
0.004622408
0.000017980
0.001929892
0.001550895
0.003159230
0.002702703
0.003390618
0.007175338
0.000856217
0.002981540
0.000009639
0.003013081
0.000000000
0.000448121
0.001823826
0.003177682
0.000004069
0.000086463
0.002854655
0.000009954
0.003399169
0.002785201
0.001286653
0.004206448
0.002675340
0.000022245
0.003881327
0.001277423
0.003445933
0.001871496
0.003026677
0.000016576
0.000013573
0.000010704
0.000165578
0.000004963
0.002485503
0.000602327
0.002594352
0.000379580
0.000478612
0.003584372
0.003303719
0.000039802
0.002848756
0.000150763
0.001844739
0.000008070
0.002304765
0.000028628
0.002810575
0.003049807
0.005579484
0.002401231
0.000033263
0.000185752
0.000570248
0.002759985
0.002619732
0.000027767
0.002444979
0.000245344
0.000327412
0.000009055
0.003072571
0.002450770
0.000011548
0.002172937
0.000000000
0.000088185
0.004517360
0.001323601
0.000816615
0.003342001
0.000072730
0.000000000
0.001529258
0.009219046
0.000018207
0.000008294
0.007627980
0.002339397
0.000004038
0.000270261
0.000173083
0.002319287
0.002443932
0.002026853
0.002943336
0.002449206
0.000000000
0.002273812
0.000029355
0.000014399
0.000018605
0.000014905
0.001797024
0.003317980
0.007752079
0.000021176
0.003103722
0.000755812
0.003624448
0.001093722
0.000047790
0.000298581
0.000417820
0.003209462
0.000008502
0.004554567
0.000023746
0.000832101
0.000046753
0.001166941
0.002552803
0.000966360
0.000005575
0.002612095
0.000499970
0.003280835
0.002431375
0.002837217
0.002326987
0.001450326
0.002118766
0.005031133
0.000141026
0.000818171
0.003376020
0.000000000
0.001284609
0.000029547
0.002824588
0.002008032
0.000006433
0.001754839
0.000030482
0.002785081
0.002169039
0.000070939
0.000000000
0.002878944
0.001644630
0.004772803
0.001092788
0.002344387
0.000000000
0.000007220
0.001432283
0.000005253
0.000035670
0.003002525
0.003905494
0.000030004
0.000895819
0.000008095
0.002965526
0.000238818
0.001437195
0.007754106
0.001889854
0.006199935
0.000018420
0.002869452
0.000677732
0.001928743
0.000008454
0.000025949
0.002519437
0.000013197
0.000000000
0.000005993
0.000000000
0.002642484
0.000119158
0.002837106
0.000000000
0.002736019
0.000019935
0.000013687
0.003048529
0.003036633
0.000009615
0.000006817
0.000008042
0.000005279
0.004800801
0.000000000
0.003849919
0.000016564
0.001505893
0.007083360
0.002347047
0.001667776
0.000029867
0.001556573
0.000036915
0.002044657
0.000005638
0.002874560
0.004280822
0.002763293
0.002115857
0.000847581
0.002885046
0.002783767
0.003346090
0.000169207
0.000008831
0.003389232
0.000282646
0.003747979
0.000024736
0.002630471
0.000006980
0.001781356
0.000680720
0.003505562
0.000037711
0.000014381
0.000011525
0.002551384
0.000000000
0.002165693
0.000010622
0.002019691
0.004790142
0.000763208
0.000499772
0.000043158
0.002977348
0.000128618
0.000004094
0.002893928
0.003473587
0.000030182
0.000005931
0.003287340
0.002996757
0.004609960
0.001088710
0.000012516
0.002134924
0.003070715
0.000025193
0.000000000
0.000145622
0.000032718
0.000071521
0.000017615
0.000230571
0.000486941
0.002808163
0.004717820
0.000088459
0.000010387
0.003235783
0.001955148
0.000035851
0.001946527
0.003424974
0.000877091
0.000078146
0.000020039
0.003429222
0.001193851
0.002476720
0.000346303
0.002601698
0.000057125
0.000017375
0.002367034
0.001683839
0.003058838
0.003248601
0.002486677
0.002994483
0.000279132
0.003785856
0.002058059
0.004249686
0.004612015
0.004099005
0.005280382
0.000005791
0.000009947
0.000022896
0.000029023
0.000321506
0.002931707
0.000027065
0.000008324
0.000025097
0.000024305
0.006823193
0.000104057
0.009401681
0.000455397
0.000457708
0.005770292
0.000980903
0.001485949
0.000004242
0.000005813
0.000000000
0.006713932
0.000004983
0.002384492
0.000386915
0.000022753
0.001150702
0.002598450
0.003005700
0.000216943
0.002576345
0.000061073
0.006834248
0.009114771
0.001851080
0.003127809
0.000014779
0.000618341
0.006117711
0.004140410
0.003878011
0.000000000
0.000007446
0.000000000
0.002087787
0.000000000
0.002394960
0.001217199
0.004000866
0.000645652
0.000160652
0.003304726
0.000008733
0.003221532
0.000021038
0.000055897
0.000008998
0.002297343
0.003164668
0.000146233
0.000000000
0.000000000
0.002166134
0.000783021
0.004655637
0.001896520
0.000000000
0.003038203
0.002004630
0.000007792
0.002063706
0.000054682
0.000053590
0.000029557
0.001304534
0.002279201
0.001624127
0.000019075
0.000000000
0.001124696
0.011245267
0.000008315
0.003956758
0.003700491
0.003141688
0.001298942
0.001819376
0.003243566
0.000963464
0.003753567
0.000099164
0.000111840
0.002183746
0.002380890
0.003461145
0.000009230
0.005006538
0.000197038
0.002380259
0.000235332
0.000011700
0.002446699
0.001349670
0.000063919
0.000114393
0.002925395
0.002747100
0.003926660
0.000006440
0.002546579
0.000007907
0.004480574
0.003582340
0.000004971
0.002795893
0.000071837
0.001062333
0.001633870
0.001385229
0.000317633
0.003587116
0.002168158
0.000036946
0.002201829
0.000046272
0.000007551
0.000007208
0.000004136
0.004407568
0.001941779
0.010445664
0.000024583
0.007176258
0.000011172
0.000023044
0.002946790
0.003854150
0.000000000
0.000497419
0.002734814
0.002044341
0.001528968
0.000012168
0.000009649
0.000007300
0.000031900
0.000009504
0.000839794
0.000742032
0.000006191
0.000211310
0.003570184
0.001156089
0.000658784
0.002928523
0.007112437
0.002908753
0.000000000
0.001054444
0.000007062
0.000009137
0.000684976
0.000049158
0.002188435
0.002456445
0.000147512
0.002599230
0.003753168
0.006051446
0.002887001
0.004134782
0.003707850
0.000089486
0.008395809
0.003436600
0.003200569
0.002808200
0.000053339
0.003088003
0.000024492
0.000009407
0.001709805
0.003601594
0.001911748
0.003309420
0.001204626
0.001753279
0.003013618
0.000264291
0.000578462
0.003600587
0.000361880
0.000024724
0.006547745
0.000118575
0.000693349
0.003039063
0.000089143
0.000015382
0.000036118
0.000000000
0.006266020
0.003170177
0.001995260
0.002810300
0.002613354
0.004962375
0.003569775
0.002974797
0.000040583
0.000036604
0.006518535
0.001826847
0.001241068
0.000024593
0.000205400
0.000771193
0.000021893
0.001418974
0.000012683
0.002145107
0.000373617
0.000006500
0.002913430
0.000164977
0.002957472
0.003966397
0.000006765
0.002180467
0.002028640
0.003909788
0.003486044
0.000016247
0.002148137
0.000165737
0.002464872
0.000042319
0.003062108
0.000858990
0.003438815
0.000414095
0.005316077
0.004336285
0.009542494
0.000874346
0.000014834
0.002662169
0.001943089
0.003315839
0.002533123
0.000414174
0.001447959
0.000078551
0.000007639
0.000027107
0.002833750
0.000033682
0.000013799
0.000014438
0.000184768
0.000079775
0.000003958
0.000000000
0.001629060
0.006224661
0.000000000
0.000060234
0.002269907
0.004349796
0.000664490
0.002969781
0.002944883
0.000010791
0.002894690
0.000076978
0.000022981
0.002648896
0.000012223
0.000068301
0.000024332
0.005903832
0.000557627
0.003542192
0.003415288
0.003564859
0.000028825
0.005505807
0.000012146
0.000152154
0.001861754
0.002327168
0.002617026
0.003544240
0.001716223
0.000023197
0.000680553
0.000751320
0.000083682
0.006872162
0.000035093
0.000184659
0.000031824
0.002099040
0.007367088
0.000129001
0.000343403
0.000011750
0.001294185
0.000037455
0.001136663
0.005921181
0.000009200
0.000000000
0.005169959
0.002655184
0.000033293
0.000012328
0.000012632
0.000006866
0.003569223
0.003605921
0.003414318
0.003436182
0.000117548
0.002371896
0.004214815
0.007385384
0.002422609
0.002176892
0.000022414
0.000082167
0.000032422
0.000016166
0.002062366
0.000004203
0.000015775
0.000074460
0.005064597
0.000648086
0.002732583
0.002059091
0.003288926
0.000006737
0.003042590
0.002806138
0.001915345
0.002562673
0.003460051
0.002935919
0.002815532
0.004098787
0.007918853
0.004093381
0.005911934
0.002094110
0.002629279
0.003962091
0.001517246
0.000277979
0.003692702
0.002717795
0.000004534
0.000455524
0.000421752
0.002238921
0.000007111
0.000399971
0.002889545
0.000443742
0.002230288
0.005817273
0.000215737
0.004061615
0.000440560
0.003404015
0.009291506
0.000010570
0.005248347
0.000094060
0.000020796
0.000114038
0.002742952
0.000008162
0.000036147
0.000000000
0.010541962
0.000007310
0.000005707
0.000933976
0.005561413
0.001937453
0.002192730
0.000350015
0.000072857
0.000012202
0.001501832
0.000027862
0.000023288
0.003039378
0.001268450
0.000269922
0.000016746
0.001969721
0.001957202
0.000000000
0.000414247
0.000007993
0.001664131
0.002423903
0.000007178
0.000019232
0.000204214
0.001969291
0.001402581
0.000366589
0.004283918
0.002511482
0.003074666
0.000000000
0.001196348
0.000014707
0.000589273
0.004157723
0.003487597
0.004009529
0.000015068
0.001445590
0.002607598
0.005972193
0.000324158
0.001326497
0.000022778
0.003288634
0.000080690
0.000022210
0.000888382
0.001118540
0.004712531
0.001232043
0.001043797
0.003309810
0.000073848
0.000046962
0.001217309
0.002166880
0.000013792
0.005557302
0.000016131
0.003660806
0.001670629
0.003520331
0.000675904
0.000571747
0.003284556
0.000004000
0.000008607
0.000076835
0.000009065
0.006868169
0.000357535
0.000101401
0.000073753
0.003281012
0.000013416
0.002311184
0.000097328
0.000094160
0.000018174
0.000694848
0.002873084
0.002331928
0.000008615
0.002997569
0.000000000
0.001545862
0.000003613
0.002859643
0.002854460
0.002685458
0.000016106
0.001663928
0.001638592
0.002022851
0.000028448
0.003244679
0.000010537
0.006061219
0.000005235
0.002890049
0.001717607
0.001705867
0.003489410
0.002856034
0.001808668
0.002844448
0.002237491
0.000161843
0.006360507
0.000881988
0.004434414
0.003211712
0.002782259
0.000009783
0.002467202
0.000455158
0.003275149
0.001217262
0.003635540
0.000051020
0.003340599
0.000049275
0.000017764
0.000048366
0.002725645
0.003979593
0.003402358
0.003715485
0.002929095
0.000005237
0.003152922
0.003160772
0.000074010
0.000974065
0.000410266
0.003311979
0.004398458
0.002643388
0.003651938
0.001734161
0.004991208
0.000217216
0.000000000
0.003884090
0.000042000
0.000149531
0.000417315
0.003491527
0.002124472
0.002233429
0.000514662
0.002762622
0.002795606
0.000096157
0.002797785
0.002467126
0.000009610
0.002170976
0.003260459
0.003942966
0.000004403
0.002230631
0.000078929
0.000259115
0.002057530
0.002958879
0.002146136
0.000315416
0.000009736
0.000010202
0.002136634
0.002270216
0.006309495
0.000032568
0.002817413
0.003461037
0.000020043
0.002755879
0.000383638
0.008695289
0.000024359
0.000792876
0.003116178
0.001082843
0.002556993
0.000080276
0.002929936
0.000740361
0.000007084
0.000000000
0.000499901
0.002243277
0.000319404
0.006109404
0.002015109
0.002429359
0.003400405
0.000007651
0.000032525
0.003104393
0.002097839
0.001013032
0.000004524
0.000005456
0.001226178
0.000007185
0.002681448
0.000006671
0.001429993
0.000010640
0.002453616
0.000011856
0.002976421
0.000223116
0.003209515
0.003054921
0.000402628
0.000007120
0.001098175
0.001702220
0.001356966
0.000005828
0.000674930
0.000000000
0.000000000
0.001119419
0.001822537
0.003139268
0.000294833
0.001645957
0.000191827
0.000216971
0.002982943
0.003059934
0.002992384
0.005061549
0.003513158
0.003638296
0.000006512
0.001847717
0.003760254
0.004046448
0.000387293
0.000005754
0.001910478
0.000299857
0.004139503
0.003570824
0.002095882
0.001493747
0.000446021
0.004586189
0.003865883
0.001997793
0.003471889
0.002513788
0.001751490
0.000905318
0.000236090
0.002398916
0.004230641
0.003444699
0.000086693
0.002710992
0.000034508
0.000000000
0.001277727
0.000544336
0.007708793
0.000611020
0.000006048
0.000009456
0.005516468
0.002260077
0.000233115
0.001145622
0.003287041
0.003454059
0.002963310
0.002995419
0.002510267
0.000539906
0.000010867
0.002094427
0.002212243
0.000353117
0.000000000
0.002387582
0.000442598
0.000000000
0.001775527
0.004560676
0.003019727
0.000046170
0.008437733
0.006686710
0.000017942
0.002409059
0.001872023
0.000003700
0.002508240
0.002133388
0.005324393
0.003132314
0.004404811
0.000077207
0.001864880
0.000016932
0.005980600
0.000049382
0.003522931
0.001432652
0.000005476
0.003487586
0.000045607
0.000233150
0.000016458
0.000045397
0.000000000
0.000046309
0.003229226
0.004396202
0.000000000
0.000000000
0.000018693
0.000010979
0.000006018
0.002292580
0.001960836
0.001266520
0.000172400
0.003022030
0.000052110
0.002410930
0.000000000
0.002413537
0.000271420
0.000895734
0.003757160
0.000016990
0.000040846
0.004097867
0.000042212
0.004029209
0.002326998
0.001697045
0.000750246
0.003382794
0.002877249
0.000035722
0.002449281
0.002344099
0.000161257
0.002921983
0.000165953
0.001721543
0.004311117
0.003178096
0.000016598
0.002125193
0.000115500
0.003045323
0.008550804
0.000085620
0.000027089
0.000014196
0.002313759
0.000024399
0.003880034
0.002404679
0.003308323
0.002757317
0.000979539
0.000033535
0.006284874
0.003201762
0.001974016
0.000245743
0.000026586
0.005657395
0.002829083
0.000023428
0.000829311
0.000010504
0.000031701
0.000026382
0.003438695
0.002111447
0.002312441
0.003043418
0.001215179
0.005498208
0.002908178
0.000614047
0.000532271
0.003418208
0.000216798
0.000000000
0.003085142
0.000112202
0.000005218
0.000008964
0.002602939
0.000600488
0.001143718
0.000145713
0.000007111
0.001383307
0.000062573
0.000000000
0.002781627
0.008008628
0.000026535
0.001690424
0.000479172
0.005523379
0.003199972
0.001522229
0.003986151
0.002770913
0.002497799
0.003204493
0.000007224
0.000305858
0.001928649
0.000008695
0.000043141
0.004529858
0.000030686
0.002226197
0.000072482
0.006541535
0.000124421
0.000037621
0.000024352
0.000058491
0.008691564
0.001656015
0.003085372
0.002832110
0.002791243
0.000014716
0.003028468
0.003730488
0.001594530
0.000609421
0.000368209
0.001234258
0.002330359
0.000016265
0.002434382
0.006043471
0.000029651
0.001920413
0.004003888
0.000020425
0.002000488
0.000006665
0.003966823
0.003318274
0.002487882
0.002652434
0.002685598
0.000006088
0.002813042
0.000000000
0.003428154
0.000031150
0.000024307
0.001394973
0.001733777
0.000036311
0.001296912
0.002236237
0.000741757
0.002806812
0.000641999
0.002557057
0.000870207
0.002386100
0.001972326
0.001477229
0.002955398
0.002346846
0.000012766
0.001259651
0.000152263
0.000145405
0.003132952
0.000013095
0.000000000
0.000000000
0.000010578
0.002433282
0.001448305
0.001600120
0.000015106
0.000008250
0.000500907
0.003956518
0.001684743
0.000036442
0.000069639
0.000010997
0.001364398
0.002246592
0.000299518
0.000671741
0.002771027
0.000588819
0.003831067
0.000853515
0.000306004
0.000171116
0.000005355
0.001542334
0.004356488
0.000150164
0.000522083
0.000026076
0.000008768
0.002605875
0.001059688
0.004730758
0.000008745
0.002437019
0.000011684
0.000007221
0.000216366
0.001037641
0.002331621
0.003365491
0.000014810
0.001632568
0.003408229
0.000004509
0.001721368
0.005000048
0.002823542
0.003544969
0.000000000
0.002757127
0.000043152
0.000940631
0.006432328
0.000051566
0.002597695
0.000005509
0.000004371
0.000076887
0.003148071
0.002741003
0.003347498
0.001793326
0.001363707
0.001463796
0.006313992
0.002736895
0.000012246
0.002462283
0.000059864
0.000018420
0.000006234
0.000009046
0.000007911
0.000191704
0.000006720
0.000015968
0.000301261
