0.000804007
0.000053393
0.000158382
0.003140174
0.000000000
0.002427917
0.003674043
0.001646234
0.000528874
0.002866953
0.004548889
0.002940328
0.000012719
0.001428518
0.000442310
0.002975443
0.000077634
0.000003731
0.002848895
0.000029998
0.000839574
0.000613485
0.002082160
0.000026881
0.000004073
0.000020053
0.001162272
0.000015546
0.000005221
0.004958682
0.000027239
0.000510093
0.000206153
0.000914229
0.000008569
0.004342056
0.001035359
0.003651054
0.000006785
0.001703403
0.003563792
0.001360528
0.000018945
0.002854001
0.000034735
0.000000000
0.000143711
0.003082707
0.000791202
0.003193326
0.001023652
0.000188723
0.003294568
0.000777404
0.000655695
0.000015342
0.004226171
0.000032376
0.004953363
0.000070204
0.000005794
0.000185111
0.000012121
0.000035225
0.002930077
0.000033397
0.000018203
0.000009868
0.003321275
0.003233356
0.000005331
0.000004331
0.000429201
0.000372612
0.002887949
0.000000000
0.002611163
0.000017974
0.001113342
0.000040386
0.001968366
0.000104879
0.002346600
0.000453172
0.001358792
0.000007959
0.000151565
0.000022633
0.000015208
0.000000000
0.001448999
0.002649426
0.000359589
0.000000000
0.001131395
0.000000000
0.010194284
0.001684786
0.001952873
0.000020518
0.000009818
0.000000000
0.007625258
0.000685905
0.000085188
0.002590501
0.000543503
0.000027021
0.000015094
0.000080021
0.000212541
0.002416780
0.000016665
0.000979891
0.000131288
0.000000000
0.000061349
0.005252375
0.000622500
0.000033684
0.000009318
0.002608262
0.002890335
0.001695504
0.000122691
0.000040348
0.009330192
0.002767258
0.000144675
0.000053242
0.004014966
0.000025833
0.000943893
0.000008630
0.000013707
0.000008526
0.000000000
0.002061330
0.000021415
0.000612356
0.000003870
0.000419340
0.000971856
0.000005921
0.000008634
0.002965945
0.002332965
0.000004054
0.007551849
0.008634754
0.000699331
0.002966614
0.000019301
0.000017223
0.000007370
0.002093823
0.000024379
0.000004250
0.005394506
0.001943619
0.000310560
0.002461580
0.002231559
0.000033222
0.001637754
0.002164139
0.000293089
0.002370095
0.000138002
0.000005795
0.002389422
0.002676808
0.000004692
0.000003450
0.000140525
0.000016548
0.001334643
0.005175591
0.000005460
0.002291600
0.000043299
0.000154812
0.003162715
0.003161406
0.005648035
0.003692623
0.000006004
0.000000000
0.001454817
0.000017276
0.002588113
0.002165311
0.000420012
0.002448122
0.003143699
0.000154185
0.003441017
0.000009160
0.000457349
0.000400256
0.000334827
0.003002022
0.003065798
0.000037199
0.000695146
0.000028645
0.002418460
0.000178090
0.000008589
0.000014250
0.000182362
0.000379032
0.001375771
0.002272424
0.001825914
0.004001058
0.001164136
0.000011758
0.002198096
0.002379676
0.000087129
0.001484552
0.003542121
0.000068015
0.004514499
0.002435388
0.002848626
0.004433731
0.000073456
0.000034106
0.000014270
0.001644861
0.002029486
0.002813756
0.000128933
0.000009703
0.000010151
0.000499587
0.000020155
0.000081889
0.001053481
0.000049222
0.000010463
0.000000000
0.000009598
0.000165862
0.000242192
0.001849556
0.000024910
0.000238335
0.000009409
0.000016713
0.009605569
0.000288745
0.000340911
0.000513625
0.000005283
0.000380724
0.002719824
0.000932234
0.000893589
0.002607436
0.004731098
0.000019480
0.000098330
0.000008917
0.003945840
0.000024693
0.000896605
0.007701385
0.000006095
0.006061587
0.000019613
0.002329817
0.000017368
0.000022915
0.006207025
0.000095583
0.000006597
0.002484845
0.000296472
0.005130709
0.003314576
0.004668686
0.001987092
0.000791985
0.001461291
0.003294065
0.000064910
0.000000000
0.000175922
0.008586369
0.000003963
0.000018611
0.003479089
0.000000000
0.000007849
0.001627873
0.000004989
0.000015081
0.000010424
0.000609233
0.000744902
0.000047247
0.001428307
0.003784316
0.006916284
0.003014434
0.002553016
0.001614654
0.003000689
0.002187479
0.000291841
0.000024764
0.002785315
0.001828487
0.000000000
0.002842434
0.000039071
0.003938341
0.001119815
0.003381573
0.000599457
0.000000000
0.005608225
0.000376532
0.002766908
0.000003673
0.000027586
0.001184624
0.000020151
0.000005345
0.000008727
0.000013331
0.001623890
0.000000000
0.002564212
0.003477473
0.000053853
0.003340276
0.000283948
0.006042447
0.000014477
0.000000000
0.000023242
0.005624322
0.000000000
0.000756776
0.003264713
0.000020090
0.007027904
0.000228850
0.000791290
0.001665931
0.000575731
0.000000000
0.003647625
0.003530300
0.003391163
0.002490891
0.002744730
0.004706607
0.001292277
0.000070682
0.001713419
0.003274350
0.000514758
0.000000000
0.000000000
0.000006200
0.000371489
0.000277356
0.000064836
0.002841834
0.000041037
0.004533058
0.003550770
0.004621637
0.001987877
0.000179291
0.000487652
0.000000000
0.000272727
0.000003242
0.001859319
0.003315710
0.000000000
0.001685324
0.003310770
0.000000000
0.004900653
0.000015121
0.001248437
0.000100506
0.000058038
0.000606980
0.005315370
0.005951471
0.003139881
0.003811018
0.001920696
0.003080125
0.000112214
0.001307474
0.000000000
0.000000000
0.002966361
0.000035319
0.002317340
0.000016849
0.001860770
0.000008068
0.000036476
0.000016424
0.005000657
0.000025366
0.000009540
0.000883785
0.002804442
0.000009944
0.000009503
0.001690129
0.000025925
0.003073945
0.000074732
0.000008121
0.001915289
0.000008020
0.000460895
0.000012358
0.000000000
0.000597804
0.000022495
0.000214881
0.002419872
0.000000000
0.000567619
0.003396020
0.000014437
0.000455612
0.004371943
0.000046561
0.000093031
0.000016911
0.003484169
0.000021372
0.000027908
0.003912788
0.000160740
0.000012456
0.000075498
0.000007707
0.000600443
0.000177011
0.000382971
0.000009439
0.000424290
0.003956629
0.001686902
0.002338484
0.000000000
0.000030057
0.000629724
0.003666279
0.001399916
0.000898790
0.004002540
0.000006356
0.000017112
0.002585264
0.000977980
0.002548021
0.001461440
0.001441284
0.000005051
0.000282520
0.000455056
0.000017729
0.002054060
0.002772234
0.000133393
0.002761336
0.002130614
0.000647912
0.000074849
0.000019621
0.000099682
0.004841193
0.005438585
0.000030618
0.000011802
0.000661807
0.002869362
0.000834871
0.002310760
0.000013752
0.000036834
0.004218462
0.005345796
0.000000000
0.012025926
0.000017439
0.000093494
0.006001789
0.001900657
0.001358014
0.000006827
0.000015874
0.000010904
0.002925362
0.000286707
0.004195692
0.000011129
0.003866472
0.002901280
0.000000000
0.003277570
0.000004194
0.000243188
0.000560928
0.003433669
0.001677868
0.000043083
0.001036175
0.000601566
0.000004453
0.000528486
0.003916763
0.000789340
0.002125169
0.000005955
0.000043649
0.000008580
0.000031064
0.000041045
0.003929763
0.000033839
0.000020306
0.001887256
0.001319063
0.000010325
0.003021329
0.005064494
0.000053520
0.001834328
0.000021596
0.000006215
0.000030703
0.001059172
0.004462899
0.001228543
0.004525685
0.000693300
0.000012470
0.002288637
0.001170657
0.000027366
0.000053980
0.000000000
0.000008851
0.000656893
0.000060771
0.000000000
0.000017106
0.001982595
0.002009415
0.000550824
0.000026573
0.000000000
0.000856809
0.005339285
0.001048675
0.000383255
0.000110058
0.000005967
0.002925883
0.000113014
0.002461957
0.000243938
0.000005686
0.000540386
0.000011375
0.003939398
0.000882409
0.000999328
0.001002159
0.000158521
0.000186002
0.000010457
0.000068963
0.000012549
0.002616597
0.003623766
0.003920721
0.000684015
0.000039739
0.000013664
0.000008844
0.000005768
0.005740459
0.001926978
0.000007005
0.002574097
0.000005421
0.000101917
0.000008108
0.000003410
0.000032220
0.000708172
0.000145179
0.000021751
0.000000000
0.002597126
0.004666651
0.000026010
0.002673935
0.000000000
0.000654144
0.000966250
0.000005301
0.000065573
0.000206924
0.000566557
0.000036982
0.000072170
0.000009165
0.001076233
0.001292137
0.001138855
0.000000000
0.000135397
0.000736396
0.000111095
0.004788257
0.000123590
0.001502186
0.000021676
0.001930906
0.000499909
0.000016110
0.000050742
0.000713782
0.000004071
0.002944543
0.000019258
0.000069847
0.000015531
0.000888966
0.002144906
0.000011195
0.004711068
0.003099980
0.002656516
0.002222354
0.000046905
0.000121134
0.004960370
0.000051633
0.000075428
0.000143872
0.002172775
0.000010608
0.002140993
0.002852949
0.000085872
0.000405186
0.003900715
0.004112369
0.003787393
0.001514791
0.003610095
0.000006332
0.004142505
0.003521717
0.000604999
0.000000000
0.004112974
0.005616967
0.000017586
0.000595413
0.000065075
0.002106412
0.003035582
0.004451622
0.000216614
0.000000000
0.002369143
0.001406464
0.000118560
0.000007361
0.002514631
0.000959493
0.000007879
0.000972491
0.000000000
0.001644539
0.004231780
0.000014629
0.000201709
0.000012876
0.000251167
0.000473608
0.000006583
0.000030281
0.000020941
0.001388126
0.002359285
0.000009629
0.005216731
0.003585617
0.000004488
0.000055479
0.000015114
0.003204397
0.001421145
0.004022245
0.000028663
0.002697605
0.000093329
0.000011309
0.002348193
0.004145379
0.003016403
0.000012238
0.001845575
0.003447378
0.000328085
0.001840732
0.000055614
0.000127599
0.000004041
0.000018781
0.000000000
0.001236962
0.005904804
0.002965292
0.001241562
0.004999515
0.004271820
0.005690475
0.002926260
0.001840760
0.001738622
0.000721751
0.002882823
0.000038866
0.010248970
0.000837122
0.003394520
0.003470130
0.002475109
0.002868769
0.000267353
0.002868318
0.003822363
0.001365814
0.000700307
0.000000000
0.007421716
0.000005675
0.000096189
0.000046250
0.000059380
0.004010840
0.005180728
0.002796849
0.001727359
0.003894440
0.002375481
0.000173242
0.001051554
0.001335772
0.002939632
0.002622785
0.005302797
0.000022941
0.000067663
0.000008291
0.000337747
0.000565484
0.000750902
0.007255282
0.002749903
0.000151417
0.000011372
0.002665347
0.002827573
0.000008384
0.000017592
0.000911970
0.000028842
0.000003912
0.000010772
0.010240277
0.004922443
0.001508724
0.000021873
0.000007800
0.000000000
0.002222487
0.000010670
0.000008308
0.002927127
0.002587135
0.002945109
0.001004103
0.003156812
0.000017670
0.000904194
0.000119377
0.000061924
0.000037833
0.000098688
0.000005957
0.000004914
0.000007832
0.000058086
0.000016727
0.002270058
0.001305856
0.004119624
0.000568893
0.000022100
0.000000000
0.003086566
0.001452332
0.001801973
0.001619208
0.000017456
0.002890308
0.003453076
0.000000000
0.003802586
0.000011601
0.005217439
0.003022482
0.002674590
0.006462412
0.000014839
0.000011081
0.002588578
0.000112284
0.003412380
0.000000000
0.000000000
0.004745515
0.000307424
0.003380559
0.007557915
0.003636313
0.000040202
0.000215894
0.000801232
0.002728740
0.000400114
0.000009496
0.006931771
0.000675272
0.009999973
0.003284908
0.000021541
0.000674159
0.000597298
0.002361673
0.000000000
0.002680951
0.000724736
0.002738342
0.000006896
0.000013528
0.000008148
0.000011317
0.006777942
0.004871129
0.001902665
0.003052409
0.002342387
0.000259628
0.000008857
0.000351973
0.003557925
0.001262362
0.000004721
0.000020231
0.000020281
0.000059068
0.000062682
0.000046441
0.003226437
0.000366741
0.004438304
0.000564587
0.002180806
0.000517453
0.000000000
0.001420668
0.001775641
0.000086461
0.000315651
0.004646726
0.007972801
0.000249350
0.003990923
0.002493108
0.000005750
0.000999635
0.000027282
0.003597274
0.003514206
0.000016888
0.002067666
0.000006887
0.001384197
0.000008030
0.008346829
0.000018073
0.001718238
0.000000000
0.000000000
0.001940119
0.000959436
0.000125438
0.000145549
0.007215769
0.002395619
0.000000000
0.002283583
0.003347307
0.000000000
0.000007076
0.002161714
0.000006221
0.008904244
0.003337537
0.000028093
0.000035785
0.000192397
0.000028740
0.000000000
0.000007440
0.000008026
0.002193467
0.000017360
0.002339105
0.000031450
0.004239018
0.000603725
0.000877160
0.001624980
0.000133839
0.002964420
0.002511623
0.000176057
0.003489660
0.000046534
0.001504949
0.000525622
0.000006434
0.002028378
0.004240890
0.000007506
0.000005653
0.002377935
0.000038861
0.002827881
0.001993083
0.000209219
0.000049228
0.000100601
0.002841415
0.000014534
0.000439166
0.000014003
0.000005545
0.005966959
0.001401069
0.000010815
0.000030417
0.000004339
0.001730465
0.000162720
0.000007245
0.001138055
0.002732002
0.003244910
0.000000000
0.000022269
0.004212751
0.000111263
0.004278601
0.006978219
0.000463302
0.000025987
0.000019762
0.008741151
0.002717505
0.004591909
0.007769380
0.004974586
0.003675359
0.000012649
0.001005944
0.003765292
0.003016217
0.000191301
0.000190986
0.000354235
0.001842036
0.000040466
0.000021858
0.000764609
0.000372478
0.000195535
0.000000000
0.000080876
0.000058252
0.000008911
0.001907218
0.000012679
0.002292734
0.000000000
0.006635702
0.002547406
0.005631119
0.000006098
0.004160098
0.003135849
0.000269109
0.000006326
0.003571196
0.004160094
0.003415559
0.000567480
0.001572591
0.002301460
0.002082665
0.000000000
0.000017046
0.000042108
0.000724797
0.003566777
0.000024413
0.000010579
0.005588234
0.000055048
0.000009661
0.004073396
0.000854069
0.000004857
0.000034674
0.004030168
0.000246209
0.000004605
0.001829509
0.001183181
0.000406091
0.003897099
0.000586763
0.002881927
0.000584517
0.000024994
0.004073907
0.001960841
0.000023689
0.005617070
0.001221344
0.000012470
0.002552142
0.003018952
0.000003631
0.000188554
0.002814616
0.002236803
0.003295223
0.000721038
0.001679716
0.005960961
0.001168512
0.002321682
0.004232039
0.000253911
0.000221957
0.000276873
0.006783899
0.000089533
0.000032578
0.002556463
0.000162258
0.000115502
0.000044372
0.000009928
0.000537543
0.000000000
0.000062998
0.002582833
0.000524309
0.000122871
0.000009506
0.003210331
0.004639246
0.000017830
0.000915394
0.001025610
0.000058028
0.000028194
0.000308112
0.000009011
0.000294010
0.002781778
0.005354986
0.002633826
0.000958507
0.000110495
0.000040682
0.003385986
0.000350328
0.000000000
0.004308934
0.002522247
0.001121592
0.001801283
0.000046388
0.002753117
0.003529586
0.000101975
0.001744950
0.000026577
0.000052005
0.000000000
0.002160486
0.003731243
0.004744643
0.002725909
0.002478122
0.000017538
0.000021680
0.000004592
0.001851949
0.003766845
0.000018436
0.005276819
0.000061517
0.000045628
0.000408285
0.002978814
0.000007276
0.000030372
0.002308186
0.004960497
0.000000000
0.002048257
0.000751280
0.002780287
0.000058485
0.002031453
0.000025239
0.000009765
0.000059823
0.002186049
0.000021287
0.000010246
0.000061509
0.000081520
0.000020160
0.000120845
0.002857605
0.000111277
0.000000000
0.000038359
0.000009107
0.000357050
0.000055787
0.000928437
0.005219638
0.003122221
0.000008150
0.001733895
0.001866712
0.002422507
0.000000000
0.005973483
0.000045887
0.000253836
0.006061359
0.000021505
0.001325886
0.000013642
0.001192682
0.006798944
0.001240267
0.000937295
0.001219045
0.000017447
0.000472479
0.000283790
0.000031076
0.004033248
0.002133787
0.002457011
0.003432176
0.000073887
0.000251081
0.002837615
0.000011470
0.000016828
0.000744496
0.002775064
0.000028637
0.003050563
0.004207986
0.002382985
0.006963818
0.000011401
0.000074209
0.002434910
0.000009214
0.002750434
0.000034210
0.001157487
0.000030733
0.000686535
0.000006768
0.000948116
0.000010111
0.000084003
0.000017488
0.000004127
0.000008285
0.003106397
0.002771117
0.002407722
0.006246748
0.000018296
0.003414287
0.000021148
0.005421143
0.000060189
0.003114225
0.000009679
0.003090777
0.001692589
0.000015910
0.001359852
0.000006745
0.000016056
0.000390072
0.000343583
0.000026193
0.005066293
0.000011619
0.003202027
0.000476961
0.005228104
0.000015977
0.005067307
0.000006785
0.003437276
0.000007709
0.002043727
0.000020797
0.000005350
0.000162411
0.000023857
0.000021255
0.001704475
0.000054014
0.005834260
0.002604487
0.002169759
0.000000000
0.007860841
0.002598255
0.002470787
0.002472802
0.000003425
0.000043764
0.006427062
0.000014837
0.000010433
0.000081779
0.001775052
0.000048839
0.000013445
0.000000000
0.001656463
0.000010386
0.000006797
0.000012307
0.000437746
0.000008267
0.002155195
0.000052468
0.000037465
0.000043242
0.003383877
0.002328736
0.000606939
0.000008964
0.000000000
0.000332379
0.000000000
0.001213043
0.000054993
0.000823005
0.000161281
0.003434025
0.002462948
0.002310690
0.002874855
0.000065667
0.000046449
0.000004106
0.000130555
0.004044551
0.007863571
0.003292515
0.002069356
0.000024456
0.000022730
0.003245993
0.000034185
0.000020089
0.000538164
0.005608113
0.000000000
0.000467646
0.001887017
0.000225483
0.002092235
0.003644658
0.003135409
0.000004736
0.000343733
0.000007024
0.000029321
0.004798412
0.000007473
0.001102527
0.000009102
0.008036805
0.000012140
0.000151770
0.000729365
0.004294074
0.000000000
0.000050237
0.000036787
0.000000000
0.000060792
0.000591182
0.000021811
0.002105337
0.000012369
0.000005421
0.004129811
0.000014574
0.000197822
0.000031691
0.001434199
0.000024428
0.000000000
0.001975115
0.000000000
0.000029833
0.000017281
0.002283816
0.000000000
0.000000000
0.001462237
0.000578880
0.000229496
0.000019302
0.000196992
0.003407500
0.000359233
0.002141395
0.005094695
0.000297161
0.003234280
0.002965362
0.000018520
0.004012321
0.002621872
0.001900019
0.000016439
0.000015470
0.000077610
0.000795209
0.000012396
0.000008823
0.000004927
0.000043748
0.000048265
0.002085444
0.000019496
0.005141633
0.000011989
0.002962973
0.002475942
0.001463543
0.004381793
0.005277592
0.000013492
0.000017639
0.000034833
0.001808387
0.002868973
0.000000000
0.000005887
0.000018831
0.005175550
0.000010553
0.000698363
0.006020735
0.000022061
0.000157055
0.004462597
0.001720148
0.000032292
0.000000000
0.002618826
0.000008189
0.002193317
0.000102658
0.000019020
0.000019728
0.000074214
0.000450336
0.000011407
0.004307505
0.000014143
0.000000000
0.000000000
0.003595041
0.002661315
0.000024690
0.002994653
0.000011891
0.000024250
0.000443210
0.000008277
0.000936458
0.004662128
0.000583454
0.002377552
0.000091381
0.000590741
0.001482747
0.000013616
0.000724308
0.004502264
0.000656487
0.001424501
0.000137416
0.000000000
0.000628392
0.000808780
0.000000000
0.005602635
0.003937314
0.000082411
0.000068928
0.000005897
0.001834603
0.002435069
0.003902463
0.000018323
0.001391357
0.001589458
0.000007447
0.000670441
0.002817272
0.000049048
0.001364994
0.000201818
0.000005859
0.002484061
0.000015282
0.000008235
0.000000000
0.000207178
0.000022467
0.000023939
0.000008411
0.004082721
0.000084126
0.000012882
0.002556629
0.000278728
0.004805253
0.001814825
0.002981872
0.001204375
0.000018591
0.003815640
0.000062909
0.001595390
0.000005423
0.001240514
0.004447909
0.000036312
0.004912586
0.005958979
0.004944437
0.000015185
0.001679648
0.000016056
0.001079693
0.000813493
0.000252304
0.003874611
0.005417669
0.002255236
0.000046950
0.000000000
0.000182844
0.000009977
0.002919719
0.003386690
0.000006032
0.004459359
0.000408453
0.000009520
0.003396891
0.002736879
0.002000947
0.000000000
0.005593159
0.000418615
0.001897694
0.000810128
0.005114009
0.002546245
0.000000000
0.000371368
0.000105942
0.001313672
0.001704001
0.002348869
0.007282623
0.000005969
0.002846057
0.003599117
0.000024281
0.000000000
0.000061455
0.000013422
0.002606880
0.002834106
0.000452941
0.004099108
0.001303124
0.002741017
0.005148925
0.000009948
0.000104914
0.005402116
0.001962866
0.000007565
0.002591822
0.000064968
0.000009702
0.000862902
0.000834972
0.000547682
0.001968103
0.002301960
0.001475655
0.000023811
0.000060389
0.000031887
0.002448175
0.001619649
0.001701197
0.000090124
0.001705472
0.000346159
0.000513089
0.001804512
0.000053817
0.003645620
0.002166488
0.000078274
0.007779575
0.002322490
0.001067772
0.000006427
0.001485089
0.000026195
0.001767655
0.003278162
0.000068229
0.001048892
0.000006470
0.000281260
0.002900524
0.006115982
0.003589670
0.002779529
0.000143576
0.000110173
0.003148807
0.002330282
0.000423977
0.000009280
0.000007712
0.000009636
0.000000000
0.000006724
0.002344146
0.000006970
0.001743135
0.000150437
0.001110124
0.000537318
0.000022570
0.002154946
0.002760513
0.003309551
0.002732415
0.000058901
0.001778067
0.000006944
0.000352721
0.003032898
0.002470518
0.000683559
0.002558240
0.000058781
0.001011656
0.002192398
0.000006086
0.001933172
0.001225183
0.004962487
0.002124578
0.000008188
0.002069470
0.000015879
0.000010173
0.000148012
0.000000000
0.000388541
0.001655629
0.002223897
0.000043293
0.000036990
0.000015099
0.000615011
0.011651207
0.003323462
0.000016540
0.000007161
0.002541737
0.000015348
0.002565986
0.002514191
0.000000000
0.000483715
0.000020985
0.000656912
0.003923251
0.005009810
0.000011942
0.003505629
0.000033579
0.002607053
0.001873305
0.001835550
0.000203343
0.000034293
0.000937260
0.000004068
0.000205773
0.003043997
0.000015473
0.000009248
0.001902357
0.001418480
0.003636022
0.000432422
0.001494302
0.000004572
0.000008249
0.000000000
0.002307932
0.002187984
0.002297461
0.002500277
0.003195614
0.000110709
0.002684917
0.003668887
0.000008890
0.000012833
0.002427372
0.000013713
0.000019177
0.000018950
0.000017704
0.000663409
0.000055252
0.003019519
0.000387698
0.002676494
0.003894018
0.000648048
0.002923964
0.001982672
0.007589563
0.001248908
0.000014554
0.001297232
0.000029092
0.002935055
0.004039273
0.001675124
0.002474702
0.003361004
0.000007877
0.000801697
0.002412430
0.001338349
0.000050516
0.003556717
0.000007250
0.000011830
0.001852116
0.000767197
0.002832348
0.012591238
0.001680839
0.000058530
0.000015023
0.000842375
0.001747873
0.000051955
0.003143065
0.000012631
0.003908954
0.003860466
0.000833937
0.003007723
0.000013933
0.003973234
0.001382696
0.000039370
0.001308059
0.000000000
0.002600519
0.000013146
0.000666679
0.000031351
0.000042892
0.000006006
0.002687556
0.001746334
0.000030065
0.000053504
0.000025720
0.004020534
0.003228350
0.000000000
0.002088885
0.000155472
0.000003721
0.003722611
0.001723551
0.000080936
0.002966488
0.004168081
0.001155405
0.000087446
0.000006244
0.000028278
0.000016636
0.000000000
0.000158304
0.000016523
0.002819272
0.000094464
0.001050096
0.000000000
0.000174994
0.000007734
0.000023561
0.000060160
0.000007285
0.001341258
0.000014135
0.000050415
0.003021008
0.011985680
0.002068108
0.000034977
0.003275133
0.000244185
0.004435831
0.001084959
0.000829810
0.000013810
0.003084181
0.000008042
0.008570511
0.000847679
0.000015338
0.003634655
0.000009012
0.006384960
0.001178115
0.002423487
0.002622717
0.002441949
0.003572731
0.000008919
0.000010667
0.000262143
0.006393409
0.003556109
0.000983870
0.000558474
0.000068715
0.003689770
0.000004214
0.000017655
0.004509330
0.000008437
0.003082516
0.000730249
0.000011142
0.001552277
0.001661841
0.000020888
0.000010564
0.002582229
0.000038244
0.003557666
0.000041128
0.000076168
0.003507031
0.002276918
0.000005716
0.000809631
0.000768010
0.000323752
0.000065584
0.002344936
0.000006135
0.000217040
0.003253246
0.000009191
0.000610719
0.000060247
0.002540682
0.000019012
0.000031925
0.000066986
0.000616262
0.000016364
0.003976308
0.000067053
0.000761376
0.003663754
0.000059531
0.000013334
0.003699546
0.001017145
0.001094680
0.000033893
0.000038310
0.000937304
0.005852005
0.002480061
0.003779836
0.007304308
0.000008814
0.000005516
0.000006522
0.000000000
0.000089440
0.005050635
0.002375562
0.000009375
0.001252189
0.000024426
0.000031340
0.003548879
0.000010292
0.002662950
0.001476015
0.000006873
0.000012618
0.000441410
0.000023806
0.000025456
0.003641473
0.008322936
0.002766918
0.003933032
0.000000000
0.000006164
0.003638688
0.002569071
0.002442119
0.000919489
0.002383065
0.000162690
0.000007158
0.001768695
0.002934385
0.000095517
0.001946922
0.000101495
0.006415339
0.000005602
0.001829130
0.000007116
0.000020967
0.000014289
0.000009047
0.000737260
0.000132190
0.003900615
0.000000000
0.000008472
0.004189930
0.000005479
0.000012056
0.002809417
0.000380159
0.004914373
0.001062887
0.000715380
0.003688273
0.003071065
0.001474385
0.001034523
0.003589753
0.000603994
0.000022883
0.000015894
0.000882743
0.002656054
0.000197805
0.000036852
0.000016240
0.002200704
0.000007735
0.002643077
0.000105421
0.002077866
0.000003604
0.004369540
0.000184981
0.004090190
0.004767125
0.002676106
0.000208777
0.000022688
0.000822851
0.000027573
0.000000000
0.000544779
0.000011233
0.001712264
0.002660967
0.001385404
0.000000000
0.003375235
0.000000000
0.000283237
0.000327068
0.000018494
0.002737195
0.000187382
0.000015558
0.000043411
0.000000000
0.000017763
0.000019719
0.000953465
0.000054999
0.003284620
0.000042112
0.000016140
0.000037981
0.000015505
0.000019532
0.002776228
0.000000000
0.000008153
0.000007744
0.008437668
0.000031394
0.000014558
0.000000000
0.002112015
0.000064918
0.000027998
0.002259546
0.000008385
0.001055032
0.005769284
0.002673078
0.000000000
0.000032688
0.000015118
0.002136162
0.000007874
0.000072378
0.000009188
0.000068756
0.000000000
0.000009266
0.002791437
0.001487375
0.000013511
0.000674133
0.000000000
0.000768294
0.000030067
0.000550564
0.000003677
0.000030498
0.003162281
0.003064743
0.002215420
0.001416007
0.000011396
0.003522861
0.000024380
0.002250731
0.000000000
0.007198601
0.000165278
0.002993600
0.000867007
0.000059913
0.005570673
0.000815913
0.000016384
0.004912034
0.000005903
0.002366869
0.000825394
0.000376824
0.000373805
0.000024039
0.000006758
0.000072005
0.003355432
0.003140805
0.000962078
0.001792189
0.003286351
0.000009174
0.000917711
0.003170214
0.002589770
0.003668589
0.000023484
0.006623633
0.001467730
0.000000000
0.003979628
0.002751552
0.000119802
0.004586347
0.001815318
0.000000000
0.003254785
0.000164406
0.000018137
0.000025313
0.005214501
0.004111476
0.000004945
0.000000000
0.000997758
0.000766002
0.000009679
0.003226818
0.001099130
0.003467460
0.000012336
0.000190431
0.000006253
0.000407944
0.002949525
0.000063749
0.004483000
0.000031529
0.000253756
0.000000000
0.000678548
0.000008141
0.000015318
0.001784467
0.001652306
0.000094992
0.000000000
0.000823901
