0.005232463
0.002697989
0.003051731
0.000741703
0.000064535
0.003312076
0.000000000
0.002683232
0.000314546
0.003174832
0.000000000
0.002085529
0.001145351
0.003123646
0.002210702
0.001637563
0.004277785
0.003273020
0.003042663
0.000029160
0.000019835
0.000199516
0.003042400
0.003325318
0.001240555
0.003071448
0.000357448
0.002780072
0.000007729
0.003263320
0.000191159
0.003396968
0.003016591
0.005981759
0.000009512
0.003154812
0.001225176
0.000006512
0.000005836
0.000434108
0.001295895
0.002477873
0.002963760
0.000004856
0.000608742
0.003056230
0.003123782
0.002235247
0.004434259
0.003106684
0.000006341
0.003102551
0.000037520
0.001436144
0.000176192
0.002651520
0.000285577
0.003368023
0.002488282
0.000052531
0.000009333
0.003013080
0.002291629
0.002359034
0.005847388
0.002828474
0.000793451
0.000023299
0.000553528
0.002039920
0.000195347
0.011306639
0.002715177
0.003588846
0.003062775
0.002452680
0.002469990
0.000015576
0.002223780
0.002590888
0.003271714
0.002738019
0.002994139
0.008235588
0.002530124
0.000014348
0.003288190
0.001516904
0.002521681
0.002906652
0.000010125
0.002714370
0.002110898
0.002972321
0.000007966
0.002400123
0.002904878
0.002871690
0.002404909
0.001652008
0.000006194
0.002568423
0.002724712
0.002929961
0.003053062
0.000014377
0.002730297
0.000018064
0.000009553
0.000007294
0.000870432
0.000691397
0.003881572
0.002379947
0.000025007
0.001062939
0.002513752
0.004000018
0.002127846
0.001708125
0.000072926
0.002416906
0.000038809
0.003586989
0.002922998
0.002626326
0.003640327
0.002205348
0.000028569
0.000131297
0.002961524
0.000797955
0.002260683
0.000846259
0.003054070
0.002828335
0.002889613
0.000031133
0.000015081
0.002960770
0.002728941
0.000051142
0.003340675
0.002954953
0.002155136
0.000056173
0.003092904
0.002001756
0.002722693
0.000607012
0.013134632
0.000037225
0.002664385
0.003033609
0.000963694
0.000071956
0.000006638
0.002709533
0.002381164
0.000000000
0.003106627
0.003331248
0.000018061
0.002456047
0.004312838
0.002984064
0.000536741
0.001163222
0.002362199
0.000023790
0.003402765
0.000404331
0.003297304
0.002112434
0.003126505
0.001521202
0.003766955
0.000008901
0.004435843
0.001409070
0.002620996
0.003780415
0.003157702
0.001934833
0.003359251
0.000915053
0.002201957
0.003132813
0.000100933
0.002954337
0.002801993
0.000746463
0.001907073
0.001373000
0.000034398
0.000511677
0.002711242
0.004348037
0.000084596
0.003030752
0.001524861
0.000877179
0.000004961
0.000060879
0.000008736
0.000006785
0.000012622
0.005832695
0.000792719
0.000994766
0.001712962
0.003187204
0.000898029
0.001847299
0.000103698
0.003361386
0.002121160
0.003529736
0.003210645
0.001021697
0.001483170
0.000040558
0.003056276
0.000257702
0.002846642
0.002600755
0.000440800
0.003242700
0.002626048
0.003042920
0.000000000
0.003186853
0.002404651
0.003212271
0.003207100
0.002240466
0.000031828
0.002456823
0.003319386
0.000005752
0.000464151
0.000060162
0.003049413
0.000109940
0.002338120
0.003181676
0.000022979
0.002132180
0.000111435
0.000009249
0.002331274
0.001684266
0.001862530
0.003118399
0.000009439
0.002115232
0.003111865
0.003100309
0.003559532
0.003011923
0.000029039
0.004011918
0.002808909
0.002186722
0.003345201
0.001888860
0.000058943
0.002827707
0.002999506
0.002867635
0.003320484
0.002425807
0.001662315
0.002964941
0.000386973
0.000044479
0.000045444
0.002997597
0.002550345
0.000562213
0.002634268
0.002807707
0.003250105
0.000086971
0.002532149
0.002758546
0.001574858
0.000015915
0.000031482
0.000006293
0.000424725
0.002279517
0.003045641
0.002783696
0.002962937
0.000037020
0.002729706
0.000037689
0.002981665
0.003115786
0.002736992
0.003005630
0.001945306
0.003331905
0.002094594
0.002743677
0.002314836
0.000000000
0.002624709
0.000031973
0.000053487
0.003042230
0.003070015
0.002658676
0.002641630
0.000126516
0.002346615
0.000009826
0.000000000
0.000027049
0.000053557
0.000000000
0.003445714
0.000013616
0.003099037
0.002888711
0.001165429
0.002460604
0.000019661
0.002665470
0.000531733
0.001690490
0.000003993
0.000115926
0.002779926
0.001076667
0.002623278
0.003203345
0.002671184
0.000207762
0.001467361
0.003209242
0.003945714
0.002513254
0.003006069
0.001109817
0.003192636
0.001973661
0.000041156
0.000084012
0.000010689
0.000019376
0.001078422
0.001117338
0.001089619
0.000020684
0.003149686
0.000619056
0.003076036
0.000584203
0.002568869
0.002940219
0.002497295
0.000023660
0.003143704
0.000005613
0.000012896
0.000009164
0.000398232
0.000052585
0.000020495
0.002412782
0.001706353
0.002637768
0.000025288
0.000018489
0.002766257
0.003015738
0.000029807
0.003147060
0.001299800
0.000128311
0.003714317
0.002813027
0.004891260
0.000171020
0.000293643
0.003282705
0.000000000
0.002608039
0.002513887
0.000006605
0.002543086
0.002642815
0.002504220
0.000809397
0.000011974
0.003058765
0.003271727
0.004115397
0.003236236
0.002875779
0.002951716
0.003072872
0.003512988
0.000051325
0.003237893
0.003079769
0.003278553
0.006870703
0.005734118
0.001887605
0.002785838
0.002249126
0.004437621
0.002827384
0.003072702
0.000054230
0.002781942
0.000009702
0.003109017
0.002294130
0.002391462
0.003240218
0.002996240
0.004055642
0.001905089
0.003102161
0.003286007
0.002810846
0.002193992
0.005346495
0.002896494
0.000031126
0.007519572
0.002618808
0.002715074
0.003059476
0.000033282
0.000021726
0.002159370
0.000008707
0.000022155
0.000025356
0.011316892
0.000016182
0.000014679
0.003145392
0.001094696
0.000137688
0.000020231
0.003137039
0.000045380
0.000488159
0.000501465
0.000023924
0.003252437
0.003159404
0.010077976
0.003755315
0.002950102
0.002664060
0.000011797
0.000007572
0.000015579
0.000706111
0.003138641
0.002445580
0.002820024
0.003158583
0.003066552
0.000066753
0.002689376
0.000493835
0.002276386
0.000012162
0.000010327
0.000016927
0.003006494
0.002528567
0.000023314
0.002844923
0.003120312
0.002418237
0.000015599
0.002886006
0.003215970
0.000055310
0.000991558
0.003935667
0.003260564
0.000007715
0.000000000
0.000176637
0.003921106
0.003142980
0.003173459
0.003027734
0.005315722
0.003136584
0.000010989
0.001060428
0.003192877
0.000161171
0.000145232
0.000082118
0.000005339
0.000171350
0.003171857
0.003278488
0.002934915
0.002229811
0.000159305
0.002746354
0.003271467
0.002494092
0.000898629
0.002874574
0.000426552
0.003111140
0.002412812
0.001939316
0.002675688
0.000459148
0.001257819
0.000044714
0.000843373
0.002893090
0.000111542
0.003104516
0.000773801
0.002826120
0.000079875
0.000362253
0.002900837
0.002935085
0.000088171
0.000010802
0.003693337
0.003180502
0.000714395
0.001928473
0.000877150
0.002554706
0.002554673
0.002857727
0.000049152
0.000195122
0.003168580
0.000000000
0.003139495
0.000000000
0.002892070
0.001370572
0.002027040
0.003310452
0.002861476
0.002159405
0.003202847
0.002702473
0.002183779
0.003331799
0.001669677
0.002110277
0.003263075
0.000593730
0.002708057
0.002665715
0.000155617
0.003064522
0.000019980
0.003299215
0.003035137
0.002902767
0.000029426
0.000042113
0.000035707
0.000008687
0.000005641
0.002632707
0.009468452
0.003140027
0.001428810
0.002453028
0.000851264
0.001026941
0.003106631
0.000249590
0.002278119
0.002707535
0.003292538
0.000078954
0.001391034
0.000000000
0.002700183
0.000547639
0.000026621
0.002683449
0.003262071
0.000151752
0.000008432
0.000365013
0.002201162
0.003185632
0.001733014
0.000077620
0.002907872
0.003366660
0.002959303
0.003134505
0.002871148
0.002691989
0.000268938
0.000333469
0.002522912
0.002135914
0.000080305
0.003572514
0.003303365
0.002833979
0.000662552
0.002474194
0.013259209
0.002615133
0.003350378
0.003170217
0.002861994
0.002444256
0.000018066
0.002322324
0.003017167
0.000040706
0.003094443
0.000184082
0.002885343
0.002925688
0.002223452
0.002861292
0.002666011
0.003221527
0.001064048
0.001182519
0.002707418
0.000047992
0.000066791
0.002651841
0.002363898
0.000652100
0.000008822
0.001983627
0.002939916
0.003792089
0.003123264
0.000046616
0.001653128
0.000055309
0.000015099
0.000180257
0.002537996
0.000039312
0.000066115
0.003502849
0.002914280
0.002908579
0.002380163
0.002827869
0.000000000
0.004556477
0.002923280
0.003221878
0.000416304
0.001099295
0.002230874
0.000185530
0.001470063
0.001819727
0.003008336
0.000556310
0.000211834
0.001894389
0.002233116
0.002660761
0.000817661
0.000005678
0.002374572
0.002876091
0.003447631
0.000004140
0.001219545
0.000010151
0.000094481
0.000128001
0.003249404
0.003115883
0.003138577
0.000537329
0.001120080
0.001850442
0.003185163
0.000039537
0.000254002
0.002697939
0.000472439
0.002847101
0.000008039
0.001321068
0.000035211
0.002273320
0.009608269
0.000352329
0.006045463
0.003044746
0.003340561
0.006860129
0.000230866
0.000000000
0.003157206
0.000499806
0.002107453
0.000050300
0.002869207
0.003127837
0.000025896
0.000030511
0.003368038
0.002178900
0.000015911
0.005349285
0.003028718
0.000000000
0.004032061
0.000232142
0.000008335
0.000009673
0.000987337
0.002422458
0.000020851
0.002568945
0.000090175
0.002733972
0.000007594
0.001509397
0.002503988
0.000012130
0.002386534
0.000024538
0.002345931
0.002349015
0.003309953
0.003032152
0.003272909
0.001171277
0.002572825
0.003104926
0.003076464
0.003008328
0.002865626
0.000060358
0.002341681
0.003429401
0.000018899
0.002992216
0.002741295
0.003189492
0.002057382
0.003293690
0.002243494
0.000000000
0.002257120
0.000004731
0.002459190
0.002771947
0.000005187
0.000016133
0.001244381
0.003956036
0.000007369
0.003303193
0.003272962
0.003375380
0.000442066
0.003637166
0.002520688
0.003045495
0.002861391
0.002186273
0.000321906
0.000893121
0.003184838
0.002662811
0.000126166
0.000136551
0.000006199
0.002945877
0.000018876
0.002986896
0.003510004
0.001470301
0.003979796
0.003042148
0.000059638
0.000894299
0.000015752
0.002923803
0.001987658
0.005001678
0.000030226
0.000048681
0.002783065
0.002501616
0.002646356
0.002905480
0.002926210
0.003408103
0.003084578
0.000066877
0.000384977
0.004114980
0.001872240
0.000007604
0.000093772
0.004017733
0.009588584
0.000005587
0.003547339
0.002804725
0.002775633
0.003274229
0.000630571
0.002940548
0.002995547
0.001777506
0.001890449
0.002571594
0.003088305
0.000034505
0.003142713
0.000008433
0.003321879
0.000928487
0.002588343
0.002160621
0.002616517
0.002627528
0.003259733
0.002958577
0.001378069
0.001026023
0.003450969
0.003033903
0.002715752
0.001806168
0.000052924
0.000029656
0.000032985
0.002350265
0.001068863
0.000026358
0.004368265
0.001291095
0.000000000
0.000099773
0.000009095
0.003168865
0.000012064
0.001394344
0.002887485
0.002376208
0.001010685
0.000202797
0.002084473
0.003074069
0.000073813
0.000225684
0.000011255
0.000006680
0.002568964
0.002198723
0.000010376
0.001670197
0.002486615
0.000792446
0.000095934
0.000090301
0.000094464
0.000049131
0.001540490
0.000371999
0.003333092
0.002812824
0.001422905
0.002931312
0.000621214
0.000437105
0.002456344
0.000147817
0.004551073
0.002277935
0.003283925
0.002922362
0.000044151
0.002998624
0.000074245
0.002766868
0.000019569
0.003204989
0.002662903
0.002091156
0.000220409
0.000009745
0.003177235
0.002720695
0.001884507
0.001511860
0.002871117
0.002883088
0.002938815
0.000179631
0.004840369
0.003252499
0.000658115
0.003215617
0.001924986
0.002933016
0.003520051
0.000046951
0.003160712
0.002834057
0.007574386
0.000210536
0.007320888
0.002705901
0.000005997
0.003061941
0.001149520
0.002856137
0.002627073
0.002449384
0.004359187
0.002838759
0.000009977
0.001994121
0.000277671
0.003318011
0.004828707
0.000016596
0.000014718
0.002845224
0.002713783
0.003184286
0.000012485
0.000008336
0.000992853
0.002750536
0.000040553
0.001751688
0.002728311
0.001039956
0.001468330
0.001083306
0.002131044
0.000008182
0.002483126
0.000286935
0.002596044
0.000619541
0.000028631
0.003260117
0.000055672
0.003738979
0.002537662
0.001800349
0.000028970
0.000179641
0.000025710
0.002822693
0.000321779
0.002823393
0.001517006
0.003055364
0.000455221
0.003027350
0.002725002
0.000450447
0.003294128
0.000005227
0.003214977
0.001937808
0.000255134
0.002328348
0.004528373
0.000009897
0.002725181
0.003455279
0.005633310
0.003191538
0.002986834
0.000046617
0.003005183
0.004313389
0.003241740
0.000011543
0.000006536
0.002337675
0.000004144
0.000229997
0.003024481
0.002465105
0.000227973
0.003127337
0.003908376
0.003353298
0.000282170
0.000034087
0.000530833
0.003126170
0.000192674
0.003246568
0.002888242
0.003025185
0.003174797
0.002843569
0.002940506
0.002012399
0.000075292
0.003971533
0.000029412
0.001331728
0.001108953
0.001417891
0.002791892
0.000000000
0.000047817
0.002423080
0.001252420
0.000009657
0.000880157
0.000754616
0.002791557
0.002580147
0.000022918
0.001660900
0.000255769
0.000172156
0.000084193
0.003047629
0.000394918
0.003083025
0.003076809
0.000024872
0.002942425
0.000420309
0.002564421
0.000313099
0.002420567
0.003185038
0.002945780
0.003048266
0.002090994
0.003782308
0.000884536
0.002688548
0.001726801
0.003188691
0.003424835
0.000165359
0.002475996
0.002766088
0.002831447
0.003122249
0.000006481
0.002856103
0.000219278
0.001050502
0.000000000
0.002543676
0.002498850
0.003014717
0.000013984
0.002905558
0.002864232
0.000007340
0.000016389
0.002861076
0.003337722
0.002222117
0.000013140
0.003104261
0.002883594
0.002835246
0.000007951
0.002895075
0.003199106
0.001947151
0.003219570
0.002826668
0.000211112
0.003088433
0.002650984
0.000013625
0.002601031
0.003120493
0.003875501
0.002936599
0.003057408
0.003102877
0.000005489
0.001241867
0.002687166
0.000144552
0.003339136
0.002934722
0.002250287
0.001451274
0.006158244
0.000022039
0.003132329
0.000111575
0.007748949
0.002807381
0.002765707
0.000015376
0.002822931
0.002833884
0.002427482
0.003438186
0.001341265
0.002625468
0.003778185
0.002739432
0.003279529
0.002873433
0.003186252
0.003154983
0.000343495
0.001937199
0.000008586
0.002730671
0.001172551
0.001344425
0.000009586
0.002676515
0.002903520
0.002624928
0.002728798
0.004610701
0.001627705
0.000004845
0.003041119
0.002386187
0.002999484
0.003281334
0.000771864
0.003063532
0.002914701
0.001125330
0.002691906
0.003255693
0.003031016
0.002934919
0.002845664
0.002838799
0.002813556
0.003152958
0.000008341
0.000072265
0.002342014
0.000013941
0.001813361
0.002621474
0.000012276
0.000912456
0.003136777
0.000018873
0.004101558
0.003283643
0.002778927
0.002693947
0.003025390
0.002620540
0.001707698
0.000370361
0.000838353
0.002753687
0.002236128
0.001519680
0.000636757
0.000030171
0.002222443
0.002277242
0.001528027
0.002872753
0.002650924
0.003317686
0.002959905
0.001658578
0.000587838
0.000059232
0.000015015
0.000041437
0.001562322
0.003161215
0.000787973
0.000491519
0.000032593
0.000679832
0.003227208
0.002305365
0.002229162
0.003160293
0.005417477
0.002312804
0.002882754
0.002274392
0.003249086
0.000311238
0.006503063
0.002926641
0.003033414
0.003001501
0.000000000
0.003079954
0.003815090
0.002532113
0.002987053
0.000009194
0.000009295
0.001441846
0.001639853
0.000836524
0.000009392
0.003576883
0.000009694
0.000000000
0.000182437
0.002952182
0.000022958
0.002636192
0.003176539
0.000100224
0.003049513
0.002959397
0.000133694
0.002727208
0.005385207
0.003925026
0.002695542
0.003222620
0.000000000
0.000000000
0.002964385
0.000063412
0.001171666
0.003115148
0.004649081
0.007647860
0.003150928
0.000000000
0.000031279
0.000840967
0.003219787
0.002384247
0.002575535
0.002671245
0.000473739
0.002619065
0.002602787
0.000008755
0.002435961
0.002589200
0.000066770
0.003220736
0.001126632
0.000005130
0.000030063
0.003388259
0.003178985
0.002661399
0.005820417
0.000009692
0.000327811
0.000004630
0.002622242
0.003344854
0.003142866
0.002621180
0.003057398
0.003273057
0.000048293
0.003407255
0.002939468
0.002860745
0.001455430
0.002216436
0.002632509
0.002876533
0.000017907
0.002501717
0.001943840
0.000561361
0.000017226
0.003243931
0.002789897
0.002520305
0.001613320
0.000027981
0.003683095
0.003017178
0.003282434
0.002954660
0.002309099
0.000636884
0.003406252
0.001261163
0.002667228
0.001843345
0.002041732
0.002234335
0.000655634
0.000383705
0.002842620
0.002774295
0.000037433
0.004074088
0.001476099
0.000059071
0.002477403
0.000896170
0.000065117
0.002459955
0.003026320
0.001237239
0.002216888
0.002597338
0.001851642
0.000009353
0.000616054
0.003073747
0.000024721
0.000008107
0.002248823
0.002334555
0.003162071
0.000211234
0.003234464
0.002893497
0.003218664
0.002352503
0.000192301
0.002860293
0.001518843
0.001280227
0.005712447
0.000704212
0.000566201
0.000979900
0.003196890
0.002722186
0.002412876
0.000014597
0.003210548
0.002850837
0.000026288
0.000675768
0.000035822
0.002411492
0.000546486
0.003077024
0.000026327
0.000035613
0.003042432
0.000020380
0.002934982
0.001130723
0.002721748
0.003301056
0.002761234
0.003071702
0.002632139
0.000006225
0.000008422
0.000043632
0.000309171
0.000921560
0.002331179
0.002028064
0.000702572
0.000642694
0.002312352
0.004448055
0.001004244
0.003260043
0.001247675
0.003446353
0.003058130
0.003327162
0.001442828
0.003293822
0.000087483
0.002910891
0.001776249
0.001930793
0.000000000
0.003467471
0.003015703
0.003149421
0.002634735
0.001750105
0.003001064
0.002923253
0.000006829
0.002735701
0.002363301
0.003046859
0.003124126
0.003257851
0.000635666
0.000211306
0.000023848
0.003968277
0.001302851
0.000181327
0.002521746
0.005358594
0.005059788
0.002620216
0.000024630
0.000459991
0.000033865
0.002768086
0.003001479
0.003308397
0.001309210
0.002117309
0.003174250
0.000018723
0.003358129
0.003381718
0.000007283
0.003025018
0.002636356
0.000005652
0.003269673
0.002593982
0.003215980
0.001087387
0.002370559
0.000021200
0.002351059
0.000996927
0.003377161
0.000083989
0.000106987
0.002978912
0.000020255
0.000067165
0.002810696
0.003076163
0.005563789
0.001189115
0.002633537
0.003176338
0.001034288
0.003170870
0.002609808
0.000718413
0.003161918
0.003088172
0.003045793
0.000286729
0.000059516
0.004724198
0.002178309
0.002999218
0.000014816
0.003187128
0.001693275
0.000470762
0.002900216
0.002679322
0.003309014
0.004071523
0.001857401
0.000028401
0.003337904
0.000978983
0.003605123
0.003010004
0.002554002
0.001892009
0.003265160
0.003097979
0.000070370
0.003568997
0.000179391
0.000004671
0.002205358
0.006167843
0.002469204
0.000946505
0.000000000
0.000006005
0.002972690
0.000213687
0.002810941
0.001545049
0.000147440
0.000055929
0.005743778
0.002716456
0.002226190
0.002879452
0.003359663
0.000007594
0.000000000
0.002283946
0.002525548
0.002468112
0.000368275
0.000032083
0.000155373
0.000355609
0.003196650
0.002609232
0.000050346
0.002512324
0.002564809
0.000821922
0.000110182
0.002366508
0.003160557
0.000012740
0.003235102
0.000043110
0.000018769
0.000395499
0.003406538
0.002357767
0.000499930
0.000044695
0.002738382
0.001363619
0.000850101
0.000007118
0.002399580
0.000035207
0.003170102
0.001186179
0.003094489
0.000933353
0.000008972
0.003179931
0.003534941
0.002669482
0.000032174
0.002778043
0.001052038
0.001954705
0.000007174
0.000114216
0.002940467
0.003287941
0.003226914
0.003215545
0.002998965
0.000226542
0.001362892
0.002524736
0.001767568
0.000392663
0.009521916
0.002257041
0.002642367
0.002740735
0.002773833
0.003174667
0.002593325
0.000009492
0.002466401
0.003595414
0.003156715
0.002781601
0.002066747
0.003262672
0.003036655
0.002472274
0.003252901
0.002720205
0.000197913
0.002386443
0.002191190
0.001141071
0.003338994
0.000011597
0.002821308
0.000541865
0.003282016
0.000473298
0.002854710
0.002472257
0.000124096
0.002274994
0.006379371
0.003152850
0.003208578
0.001852214
0.002930367
0.002744675
0.000023053
0.000189662
0.001572899
0.004438467
0.004061349
0.000025743
0.001726190
0.001596125
0.003283229
0.001708228
0.000014868
0.003116341
0.003544302
0.004418285
0.002571220
0.000060345
0.000931309
0.000255743
0.001278166
0.002761719
0.002405985
0.003026236
0.003559974
0.000033238
0.000010937
0.003277526
0.002788714
0.001421160
0.003082724
0.003124975
0.002342845
0.002850311
0.003912750
0.000364877
0.003381513
0.004292414
0.001397909
0.000958993
0.002613200
0.000012710
0.000011533
0.002823944
0.001972196
0.003777418
0.000023842
0.002992815
0.003155073
0.000013822
0.003460896
0.002934017
0.003132704
0.000005444
0.000027422
0.002934899
0.000156260
0.000110547
0.000000000
0.002899018
0.001983369
0.000004784
0.001510653
0.000561457
0.002829008
0.000027819
0.000011120
0.003351019
0.001674183
0.000004912
0.000023362
0.001740605
0.005622567
0.002648429
0.000004252
0.002959979
0.002612008
0.002853403
0.002365388
0.002437785
0.003117769
0.001945850
0.002395297
0.000000000
0.003042460
0.000026846
0.002436475
0.000035913
0.002685670
0.002594536
0.011303794
0.000096465
0.000968838
0.000537452
0.000000000
0.000008867
0.000047452
0.003060499
0.002765961
0.000091900
0.000054177
0.002936050
0.002393670
0.000023929
0.002849653
0.003305056
0.000009640
0.001074959
0.000005792
0.003045508
0.000019385
0.000133179
0.001280605
0.002125473
0.000066060
0.003349222
0.000047631
0.003278165
0.001339213
0.002254406
0.000320203
0.000972057
0.001897284
0.000024294
0.000048363
0.003049663
0.003227519
0.003205700
0.001910514
0.001966343
0.003264588
0.003237760
0.000006437
0.002968254
0.002412327
0.003036787
0.003409470
0.006722226
0.002780826
0.003086124
0.000027107
0.003296881
0.001665992
0.001119454
0.003164271
0.000004785
0.003036516
0.000614448
0.002884362
0.002284057
0.003286657
0.002555628
0.002834571
0.002890642
0.001461718
0.002448025
0.000014715
0.002932134
0.000081723
0.003020633
0.002776009
0.002477616
0.002907826
0.003157432
0.000125499
0.002764078
0.000008905
0.000045336
0.002717559
0.002853663
0.004108422
0.000070605
0.000015524
0.002586242
0.008418298
0.002506665
0.000008705
0.003268384
0.003195424
0.002941804
0.002586790
0.004247418
0.000013150
0.000187540
0.002952698
0.004360428
0.002794873
0.000106655
0.001890896
0.000214616
0.000015965
0.000000000
0.002175516
0.000031481
0.002919064
0.000661807
0.003302951
0.002965551
0.000500148
0.004026025
0.003181434
0.002927612
0.001151963
0.000165812
0.002114090
0.002333230
0.003006159
0.001254634
0.003172476
0.004557437
0.002927400
0.005939856
0.000867412
0.001205957
0.000020368
0.001845614
0.000250491
0.002546804
0.003211256
0.002454134
0.000394073
0.000400687
0.003158162
0.003103609
0.002856639
0.000316295
0.000234916
0.000006172
0.000016520
0.000052742
0.003361173
0.002281429
0.002171286
0.002773096
0.000061039
0.001894511
0.001074509
0.003063935
0.002223987
0.003322576
0.000940720
0.001966563
0.002907934
0.003113501
0.000076574
0.002688643
0.004401126
0.003439981
0.000294666
0.000193563
0.000087061
0.001511100
0.000003854
0.002858529
0.000006512
0.003450430
0.001635154
0.000061517
0.002533565
0.000098964
0.003769887
0.002492066
0.002774806
0.000393911
0.002427430
0.000838800
0.000018114
0.002660551
0.000005294
0.002925868
0.002844814
0.000029335
0.000229089
0.000003785
0.000670285
0.000124997
0.002444045
0.000009411
0.003224794
0.002820030
0.003150216
0.001900473
0.001245245
0.001709767
0.003197606
0.002090431
0.002253457
0.000024257
0.000117573
0.001883715
0.000000000
0.002580709
0.002767339
0.003373606
0.002553589
0.003206728
0.002709127
0.000003623
0.000017238
0.001346786
0.006724224
0.001483858
0.002970569
0.001991744
0.000489844
0.003004664
0.003352339
0.000009258
0.003481272
0.001922789
0.002868788
0.003117186
0.002930031
0.006129268
0.003783393
0.002604667
0.001477602
0.000560392
0.000388846
0.003218003
0.000000000
0.000036404
0.000010497
0.002767360
0.001497178
0.000015666
0.002082634
0.002715981
0.003860243
0.003308211
0.003142048
0.000226049
0.002950348
0.002971398
0.003261487
0.001425970
0.002310973
0.000012204
0.000971145
0.002427622
0.000008613
0.003212095
0.000031318
0.003439674
0.002974813
0.003069548
0.002238925
0.000323035
0.000163447
0.003436646
0.000083039
0.003280001
0.000006793
0.003743842
0.000250774
0.002669281
0.000162673
0.000008843
0.002656271
0.002678537
0.000020524
0.000643242
0.003117504
0.002836478
0.000021479
0.001639170
0.004759974
0.000006115
0.000009239
0.000401518
0.000028415
0.000018284
0.002489790
0.002980339
0.000946921
0.002985959
0.003145796
0.003188849
0.000013847
0.000008754
0.000117522
0.000510723
0.002914018
0.000023908
0.002369932
0.002547109
0.002766532
0.002138043
0.001146146
0.002933850
0.002813046
0.001346657
0.000006707
0.002955994
0.003235223
0.002567527
0.000025836
0.001951409
0.000000000
0.003003029
0.004052006
0.000216057
0.003164595
0.003194320
0.000000000
0.002432517
0.002824878
0.003069143
0.000019673
0.002103834
0.002934526
0.003197852
0.004153605
0.003043358
0.002198999
0.003117428
0.003054769
0.002105942
0.000021851
0.001904447
0.002636753
0.002333031
0.005344266
0.000000000
0.003369491
0.000438623
0.003304524
0.000132564
0.002283561
0.000306523
0.003114962
0.000009568
0.000090134
0.000019276
0.002530500
0.001917025
0.000003926
0.000009322
0.003012318
0.004931591
0.002680245
0.002648820
0.000036133
0.000048510
0.000597459
0.003204644
0.002794163
0.002454521
0.003151537
0.003285957
0.000521736
0.000221351
0.000051303
0.001534364
0.000224842
0.000998603
0.002538268
0.002800162
0.002924560
0.000011983
0.000000000
0.001005704
0.000415498
0.000822920
0.001072686
0.002869176
0.003063904
0.003032486
0.001981327
0.000320725
0.000137692
0.002639731
0.003036902
0.000029747
0.009792657
0.000434177
0.000017552
0.005333730
0.003183917
0.003398970
0.000172371
0.003145395
0.002987005
0.003129512
0.000577376
0.002676981
0.000700177
0.000022434
0.000150746
0.003262274
0.002874047
0.001304799
0.002599396
0.000012487
0.002992326
0.002747516
0.000046800
0.001709609
0.001794965
0.002179723
0.000292169
0.000062661
0.000103328
0.002599522
0.001691451
0.002949227
0.001509264
0.000010868
0.003211708
0.000024013
0.003027666
0.003464191
0.004088612
0.000983730
0.000345246
0.003051799
0.002784677
0.000951855
0.003159229
0.000016924
0.002776833
0.002700691
0.003086722
0.001928340
0.009456160
0.001722416
0.002403199
0.003010292
0.002343378
0.003258100
0.000257656
0.003211889
0.000486721
0.003134931
0.000007137
0.002398924
0.003142648
0.000016347
0.002975275
0.000013215
0.000075984
0.003098643
0.001837566
0.003156869
0.000335463
0.001406723
0.002662942
0.003047796
0.000315139
0.000014362
0.000688397
0.003339835
0.000574572
0.002136798
0.000024037
0.001921837
0.002260116
0.000011771
0.000006056
0.002358892
0.003394200
0.004578618
0.000003660
0.000007911
0.002765922
0.000028370
0.000164851
0.001785952
0.005434045
0.000011755
0.000025613
0.000147034
0.001505999
0.003023142
0.000205105
0.002762388
0.002647671
0.001723805
0.002726005
0.002434033
0.003767843
0.000008085
0.003124754
0.002591532
0.002297650
0.003039811
0.002482706
0.002414959
0.000000000
0.001055045
0.005053941
0.002115814
0.001557697
0.004778300
0.003041571
0.001407064
0.002375467
0.002430582
0.002612968
0.002842785
0.002443153
0.003265319
0.002546072
0.003305353
0.002617688
0.000957922
0.003359615
0.003522671
0.003215503
0.001065609
0.003101196
0.002598258
0.000022448
0.002906495
0.000325340
0.000004091
0.000000000
0.000000000
0.002850731
0.002807540
0.001265997
0.000492491
0.002485916
0.003137390
0.003374725
0.002801437
0.000006749
0.006034706
0.002730759
0.002539023
0.001515329
0.005571621
0.003339825
0.000261973
0.000071861
0.002567639
0.001092092
0.000716772
0.001675414
0.000186531
0.003762853
0.003985151
0.000009992
0.002865134
0.003670136
0.000011476
0.003351349
0.004628355
0.002542267
0.003180047
0.000022874
0.002339817
0.003458655
0.002635755
0.002195755
0.000776749
0.008087427
0.003624679
0.001223256
0.002338584
0.003037163
0.001412258
0.005116539
0.002907640
0.001855702
0.003092040
0.000063444
0.002809518
0.000109758
0.000017243
0.005784516
0.000038564
0.003046974
0.000028264
0.000010144
0.002905245
0.003142748
0.000015710
0.000189223
0.003362880
0.002799079
0.000239839
0.002936317
0.002827781
0.000757100
0.000898813
0.000035992
0.003061316
0.000000000
0.000412715
0.003006987
0.003076167
0.002673233
0.004014984
0.000904138
0.000007305
0.000015257
0.000005031
0.003170807
0.003342528
0.003205067
0.000220267
0.001820166
0.004172245
0.002765588
0.002120897
0.002575843
0.001142054
0.002626224
0.000011466
0.002578619
0.000359135
0.002888966
0.002518541
0.003277204
0.002496332
0.003067948
0.000008051
0.003502531
0.000041761
0.000065108
0.000943722
0.003026827
0.003318939
0.000019540
0.000109078
0.000030933
0.002375063
0.000244076
0.002989366
0.002981236
0.009079671
0.002745732
0.002501820
0.002876528
0.000234612
0.001569680
0.001243300
0.002572561
0.002667776
0.002948131
0.000029590
0.003286825
0.000201333
0.002648647
0.000025807
0.002895436
0.000056699
0.000352337
0.003029156
0.003120785
0.000522988
0.003308162
0.000026819
0.003126619
0.000364080
0.004197854
0.000017750
0.003233429
0.000016437
0.003209145
0.001936667
0.002299749
0.000175733
0.000037466
0.000019352
0.000803738
0.003085552
0.000010459
0.002731553
0.003339058
0.002661624
0.000017599
0.002696479
0.003117885
0.002642235
0.005685541
0.003275459
0.000011989
0.001857058
0.000840162
0.000150888
0.000517852
0.002539003
0.003281071
0.000000000
0.000070500
0.003270816
0.001582625
0.003004957
0.003161281
0.003118166
0.007713499
0.003548160
0.002978348
0.000000000
0.001692889
0.002957804
0.001517803
0.002332280
0.000245483
0.000014067
0.000040423
0.001366005
0.006545831
0.000013978
0.003253389
0.000311041
0.002474355
0.001335768
0.002910128
0.003044510
0.003145556
0.000894813
0.002846099
0.000013593
0.005235729
0.000038585
0.002783422
0.000046424
0.000020843
0.001995353
0.000253666
0.000887940
0.001895295
0.000341153
0.000013085
0.000081132
0.000013645
0.002767497
0.003624866
0.001741174
0.000000000
0.003053602
