0.002676753
0.003052738
0.003244585
0.003158916
0.002166237
0.002556184
0.001565228
0.003143373
0.003191229
0.004409347
0.003009537
0.003189836
0.003116932
0.003007649
0.003233437
0.000026269
0.003136785
0.003158338
0.002910589
0.003193440
0.002570133
0.002966151
0.003189210
0.001017912
0.003151728
0.002967484
0.002561395
0.003004832
0.002447552
0.003215833
0.003123769
0.003110529
0.000061675
0.003123305
0.002957072
0.014901082
0.002869387
0.002745721
0.003144235
0.000024169
0.003183222
0.003009259
0.000911537
0.003096853
0.003079002
0.003102327
0.003151466
0.003153809
0.002931891
0.000036069
0.003147257
0.002965604
0.003111498
0.001344821
0.000070316
0.003182888
0.003131009
0.000021833
0.003230341
0.001654077
0.003120366
0.003131553
0.003137766
0.003155728
0.003079188
0.000616990
0.002912244
0.003176050
0.000000000
0.003191211
0.003151417
0.003073452
0.003111203
0.003151385
0.001467298
0.002806961
0.002964119
0.000052454
0.003163673
0.003152498
0.001761352
0.003164829
0.001422876
0.002902032
0.003154293
0.000412673
0.003203192
0.002874920
0.000776693
0.002759931
0.003188859
0.003023486
0.001473602
0.003196745
0.002855945
0.003075560
0.003138351
0.003145925
0.003150447
0.003062314
0.002926776
0.001625816
0.002496320
0.003521347
0.003026061
0.000009307
0.003169841
0.003073262
0.003193772
0.000838649
0.000368989
0.003028119
0.002777835
0.002581333
0.009112588
0.003115529
0.003046611
0.003132675
0.003141417
0.003615779
0.002943707
0.003167475
0.003186486
0.002652978
0.000000000
0.000027447
0.002289521
0.003095902
0.002344518
0.003106896
0.002994679
0.003154894
0.003170672
0.000007417
0.003051584
0.001495942
0.003181701
0.003199329
0.002700050
0.000257459
0.002062513
0.003146962
0.003129086
0.003178557
0.002997615
0.003122778
0.002601418
0.003183685
0.002890654
0.003120289
0.003058445
0.003170335
0.002950914
0.002947056
0.001642838
0.002685010
0.002798060
0.002550881
0.003054182
0.002674351
0.002959994
0.003162432
0.003188272
0.003203962
0.003192741
0.000101377
0.000464027
0.003137491
0.003079891
0.003188879
0.003081767
0.000005624
0.002786603
0.002976683
0.003134525
0.002904444
0.003112818
0.002967448
0.000889704
0.002998297
0.003072666
0.003076454
0.003147877
0.003182406
0.003218694
0.002971940
0.003147522
0.003035239
0.001358252
0.001402215
0.003160901
0.002959036
0.002527008
0.002950496
0.003068235
0.000014319
0.002535825
0.003211451
0.002985752
0.004424574
0.002596985
0.002448577
0.002983351
0.003141575
0.002668165
0.003035930
0.002881694
0.002488929
0.002395027
0.002359913
0.003281973
0.000008139
0.003160044
0.003141790
0.003064797
0.003115188
0.003140091
0.003123968
0.002518024
0.003074798
0.003167508
0.002881687
0.003156488
0.002488340
0.003098019
0.002729702
0.004414594
0.003198646
0.000000000
0.000348154
0.003160585
0.003556576
0.002895913
0.002729288
0.000018730
0.003151588
0.002306567
0.003141962
0.003209170
0.001950112
0.003190691
0.000007606
0.003265095
0.000051344
0.002829859
0.002367609
0.003183578
0.003025934
0.003180491
0.003143785
0.002318726
0.003149553
0.003151939
0.003197510
0.003177876
0.003392527
0.003153036
0.002869831
0.003125796
0.003169351
0.002305352
0.000004666
0.002832921
0.000014908
0.000488766
0.000464442
0.003167189
0.003165178
0.003134954
0.003252504
0.003172521
0.002376993
0.003085146
0.003145936
0.003154732
0.003205847
0.001318861
0.003072567
0.003181049
0.003178341
0.002731743
0.003053550
0.000009389
0.000078152
0.003140574
0.003095129
0.000106473
0.002961842
0.000445975
0.002087120
0.003155498
0.002700402
0.000070195
0.001248887
0.003057015
0.000035311
0.002526339
0.000015222
0.003168445
0.000024563
0.003098971
0.001058423
0.003061982
0.003256922
0.002558558
0.004031940
0.000037861
0.003168225
0.003160659
0.002918876
0.003186161
0.001979049
0.002994613
0.003829543
0.005500765
0.003093132
0.000627280
0.001508672
0.002604665
0.003116467
0.003046558
0.000010954
0.002984549
0.002476657
0.000464035
0.003047112
0.003133876
0.002915086
0.003178295
0.003132060
0.003104269
0.002617639
0.002943812
0.000105635
0.002795625
0.002994038
0.002949828
0.003159290
0.003070674
0.003066932
0.000000000
0.002473544
0.003128225
0.003155104
0.002867434
0.003158202
0.002967359
0.003184190
0.003237090
0.002974922
0.002837151
0.000119962
0.000007284
0.002685294
0.003304157
0.002455894
0.003030881
0.002601366
0.003082850
0.002085251
0.003060538
0.003038235
0.000063688
0.003065314
0.003149478
0.002391705
0.000442738
0.002969186
0.003153004
0.002970744
0.003198695
0.002917848
0.003217657
0.003240034
0.001992059
0.002684036
0.003152142
0.001531214
0.003167422
0.001715211
0.003120798
0.003130174
0.009849814
0.000079347
0.003130612
0.003170914
0.002828350
0.002320027
0.002139357
0.003139717
0.003208817
0.000027267
0.000005313
0.002853849
0.003092854
0.003080216
0.000028186
0.002617370
0.002952443
0.003077419
0.002870737
0.003114744
0.003102822
0.002855686
0.000011954
0.003005647
0.000012067
0.000055064
0.003121465
0.002726913
0.000201806
0.003119492
0.003129621
0.003196309
0.003222839
0.003156476
0.003186743
0.002327254
0.001284992
0.002762813
0.002997738
0.003208226
0.002968364
0.001259724
0.000007427
0.003100573
0.003176151
0.003191624
0.003077395
0.003073137
0.003167460
0.000000000
0.001513450
0.003094907
0.002861062
0.003131863
0.003093205
0.003162570
0.002964303
0.002952725
0.002846110
0.001514726
0.003508438
0.004121133
0.001392771
0.000556866
0.000464168
0.003152173
0.000009862
0.002521360
0.003226774
0.003055686
0.003162711
0.002989357
0.002484091
0.003219451
0.002511657
0.002677118
0.000335899
0.003074558
0.003110393
0.003162221
0.002193190
0.002930230
0.003145122
0.003152681
0.002308807
0.003186328
0.003219850
0.003131516
0.002982224
0.000038520
0.003103973
0.000904274
0.001875156
0.002954843
0.002054399
0.003212211
0.002830570
0.003165704
0.001758332
0.003063689
0.002763577
0.002902210
0.002433090
0.002843745
0.004785578
0.004042574
0.003063078
0.002671391
0.002808836
0.003139144
0.000035343
0.003128951
0.002785846
0.002949023
0.000012939
0.000076806
0.003144469
0.002656830
0.003166024
0.002960601
0.003111149
0.003063139
0.003151498
0.003114491
0.000075163
0.000053618
0.003146899
0.000028782
0.003142879
0.002816356
0.002583384
0.003024392
0.003095975
0.002454622
0.000006260
0.002818142
0.003244732
0.000009087
0.003104285
0.002516533
0.003155920
0.003184894
0.003129899
0.003024221
0.002002844
0.003012402
0.003150564
0.005031771
0.003867640
0.003077532
0.003139369
0.002975746
0.002976954
0.003117646
0.003163905
0.002615199
0.003075408
0.002185540
0.003211851
0.002818614
0.002682295
0.003162450
0.000139564
0.003135651
0.003152615
0.000380116
0.003135743
0.002600435
0.002903367
0.003126806
0.002388738
0.003213985
0.003085656
0.000280636
0.002750099
0.003180696
0.002768749
0.001372589
0.003113359
0.000017378
0.002325446
0.002444395
0.002948520
0.003144308
0.003123596
0.002987858
0.000035936
0.003133555
0.003169327
0.003219725
0.002820211
0.003159415
0.002129455
0.003180490
0.003237345
0.003067381
0.002073125
0.002981386
0.003068014
0.003231385
0.003096168
0.003013812
0.000193998
0.001595858
0.003154034
0.001881127
0.000026911
0.003193879
0.001718637
0.003014281
0.002872916
0.003174270
0.002543435
0.003402459
0.002377314
0.001267941
0.003095766
0.003048451
0.002777665
0.003127154
0.003156231
0.003197287
0.003156669
0.003040605
0.000005665
0.002402005
0.003115316
0.002944486
0.003164462
0.003137749
0.002341002
0.002940303
0.002902413
0.003031255
0.001515815
0.003166370
0.002686091
0.002328078
0.003124837
0.000593757
0.002990480
0.002966726
0.002548496
0.003157996
0.003043688
0.003144489
0.003068378
0.002843027
0.002864832
0.003606355
0.003691062
0.003173307
0.003163838
0.002192936
0.003004371
0.003097234
0.003264572
0.001867212
0.003178442
0.002565931
0.000028285
0.002366193
0.000008783
0.003137521
0.002818065
0.000073581
0.003168904
0.002445238
0.002810659
0.003156221
0.000379560
0.003264065
0.002546135
0.002938481
0.003193745
0.002430593
0.003287433
0.002816874
0.002785108
0.003149773
0.000126396
0.001473731
0.003158071
0.003082031
0.003152782
0.003135820
0.003042683
0.003132971
0.003091595
0.003160193
0.000000000
0.002551005
0.002655613
0.002879053
0.003016451
0.002692174
0.003208529
0.002491240
0.003166390
0.002977197
0.003207148
0.002464395
0.000600868
0.002121102
0.002892715
0.002447050
0.000430797
0.002816874
0.003009136
0.003096032
0.003137744
0.002819229
0.002103127
0.002847932
0.001126055
0.003154980
0.003168310
0.000798518
0.002454942
0.002350122
0.003168298
0.003304144
0.000039060
0.003153770
0.003065726
0.002949294
0.003093095
0.002733031
0.003180461
0.002629369
0.002689141
0.002533086
0.003227589
0.003149476
0.000014210
0.002575306
0.003143467
0.000000000
0.003143077
0.003048572
0.003150721
0.003144914
0.003059695
0.003229154
0.001591804
0.002962905
0.003124452
0.000962911
0.002635288
0.003145608
0.002552164
0.003100077
0.003106885
0.002905689
0.002035828
0.002285209
0.003094435
0.002948941
0.002381945
0.000011453
0.003237853
0.002067318
0.000048082
0.003152499
0.002990063
0.003083427
0.000478080
0.002630630
0.003238029
0.000014319
0.003116105
0.003271667
0.000004859
0.003073794
0.002048704
0.003174129
0.003138424
0.003248297
0.002661516
0.003100247
0.003231201
0.001733032
0.000032556
0.003074951
0.003145012
0.003165122
0.003169979
0.007589270
0.000010312
0.000796324
0.003162145
0.002617568
0.002979258
0.003143666
0.002777453
0.002936908
0.002974687
0.003189054
0.000006516
0.002787553
0.003106621
0.003164642
0.003130047
0.003171884
0.003215107
0.003103499
0.002878034
0.003146278
0.000681134
0.003127439
0.003139870
0.003160834
0.003641196
0.003113180
0.003052952
0.002966903
0.003111274
0.003212427
0.003042332
0.002797676
0.002594662
0.002991095
0.003004079
0.002921629
0.001294941
0.003110757
0.003157930
0.003056345
0.003154546
0.001945947
0.003123094
0.003200900
0.000017980
0.000004848
0.002922707
0.003029530
0.003144906
0.000009314
0.002763667
0.003124783
0.000802429
0.003152359
0.003093110
0.002983767
0.003160782
0.003095021
0.002685427
0.002663869
0.002922814
0.003163230
0.001526101
0.002956130
0.003053892
0.003077069
0.002942824
0.002446426
0.003111130
0.002789347
0.001792822
0.003131799
0.003170111
0.003896107
0.001427147
0.003130002
0.000016895
0.000013280
0.003149586
0.000393378
0.003126980
0.000256659
0.000028637
0.001801413
0.003120301
0.003178961
0.001859873
0.003121325
0.003148417
0.005825720
0.003192511
0.003140992
0.003180435
0.002578812
0.003211514
0.003151140
0.003185791
0.003005011
0.003172643
0.002922510
0.003140583
0.003096330
0.003187617
0.002927384
0.003156242
0.003167666
0.002894225
0.003158027
0.000005009
0.000462317
0.003128526
0.000000000
0.000062415
0.003201750
0.003189582
0.003166577
0.002963336
0.000267809
0.002969654
0.002712674
0.003163695
0.003041470
0.002527362
0.003002498
0.003163600
0.000007781
0.002941889
0.000065906
0.003176298
0.003041266
0.003187374
0.003135078
0.003132885
0.002988039
0.003099675
0.003026775
0.002591322
0.002675060
0.003127538
0.003173001
0.003124034
0.003094504
0.001019415
0.003173695
0.002561587
0.002715869
0.002960885
0.003107024
0.003198777
0.000000000
0.003141118
0.003169656
0.000000000
0.003152026
0.002495588
0.002358819
0.003126040
0.003092282
0.003583979
0.001734337
0.002398692
0.002533790
0.003084470
0.003062387
0.003140974
0.003190342
0.002809649
0.000538045
0.003144959
0.003020551
0.000017834
0.003209106
0.003132568
0.000941541
0.002985650
0.002966325
0.003167213
0.000594379
0.003179318
0.000064436
0.002707345
0.003213689
0.003128881
0.003140192
0.003074408
0.001406377
0.000007673
0.002323174
0.003135658
0.003194386
0.003191085
0.002990910
0.003165177
0.003137605
0.003142439
0.003120997
0.003132738
0.000043074
0.007522935
0.002967990
0.000885622
0.002963794
0.000374570
0.002525103
0.003019628
0.003168154
0.003217779
0.002825344
0.002633809
0.002361963
0.002854862
0.000951147
0.002935650
0.002107581
0.000007972
0.000075934
0.003227491
0.003164649
0.002310297
0.003020775
0.003090818
0.001503096
0.003017542
0.003143687
0.003010537
0.002637438
0.002084159
0.002940803
0.003160269
0.002771622
0.003060470
0.003167329
0.003143226
0.003019854
0.002271940
0.003156723
0.002709774
0.003168071
0.002880569
0.003234536
0.003211469
0.003023372
0.000419486
0.002499561
0.003225624
0.003239691
0.003064679
0.002987267
0.002660828
0.003131599
0.001156944
0.000017369
0.002792001
0.003092112
0.002939156
0.000994645
0.002047382
0.002986009
0.000012548
0.000426632
0.003176672
0.003104463
0.002707614
0.003107993
0.000013809
0.000723546
0.003168482
0.002157983
0.003105028
0.003228722
0.003255774
0.000029054
0.002596615
0.003062534
0.003213214
0.003185058
0.003315868
0.003151897
0.003083074
0.003154495
0.002560964
0.000026952
0.003140863
0.003092954
0.002984695
0.002628323
0.000014575
0.003207958
0.000837287
0.002953372
0.000048001
0.003413396
0.003251358
0.003028333
0.003332865
0.002934200
0.002697620
0.003125926
0.002539756
0.000007598
0.002060921
0.003071162
0.002861501
0.002875468
0.003200904
0.002947472
0.003127512
0.000199768
0.003134270
0.002395779
0.000022275
0.003053857
0.003209873
0.002054041
0.003028736
0.000034800
0.003161436
0.002601991
0.002698990
0.001320617
0.003175498
0.003167529
0.003156838
0.003063819
0.002360183
0.003175323
0.003175996
0.012249687
0.003159221
0.001665767
0.000006529
0.003101450
0.000000000
0.003128682
0.000139020
0.000005897
0.000912047
0.003055972
0.002337635
0.003131812
0.000026338
0.002932164
0.003031251
0.003093538
0.002906503
0.003158565
0.000641738
0.003129716
0.003151570
0.002957753
0.000032444
0.002818681
0.003119622
0.003153839
0.003121699
0.003118810
0.003119929
0.003118887
0.002886325
0.000104274
0.003079704
0.002773353
0.002712588
0.003201226
0.002839689
0.003166753
0.003128935
0.002563467
0.003004515
0.002471406
0.001578258
0.003131538
0.003170745
0.002648601
0.003070476
0.002067716
0.003095227
0.002444272
0.003067523
0.001272872
0.003161681
0.003012235
0.002675687
0.000014489
0.003172242
0.003169085
0.003102636
0.003263797
0.002446443
0.002851672
0.003537979
0.002396930
0.003132083
0.003147247
0.003133201
0.003250870
0.002253420
0.002900726
0.003085232
0.003184108
0.000008098
0.003149785
0.000006106
0.003160422
0.003155724
0.003165662
0.002366131
0.003006991
0.003257744
0.003128909
0.003145831
0.003148151
0.003181634
0.001920352
0.003181989
0.002854657
0.003168126
0.003148538
0.002979182
0.003145567
0.003595243
0.003158050
0.003098495
0.003143722
0.003148066
0.003201299
0.003022056
0.001973872
0.002041185
0.002744514
0.003019732
0.002663792
0.003084290
0.002790085
0.003168087
0.003156643
0.002511180
0.003183112
0.003077278
0.001070260
0.000008674
0.002979542
0.003168712
0.003153827
0.003172118
0.002181681
0.003162906
0.002607002
0.000174510
0.003177779
0.003087836
0.003171471
0.002585950
0.002547693
0.003207379
0.000035342
0.000039708
0.002946672
0.002730394
0.002362021
0.000027325
0.003153379
0.003087410
0.003155535
0.003069955
0.003577227
0.003014449
0.002881868
0.003007519
0.000024796
0.002808139
0.003102784
0.003155875
0.003312598
0.003142401
0.002725963
0.003068148
0.003105136
0.003070038
0.002861655
0.002412872
0.003174341
0.003158250
0.003189110
0.002922896
0.003162647
0.002281945
0.002877419
0.003287491
0.003083400
0.002829908
0.003191298
0.003024159
0.003149677
0.000030774
0.003155939
0.003206913
0.002852840
0.000022950
0.003200355
0.002451940
0.003155255
0.003132337
0.002771213
0.003152397
0.000232733
0.002938938
0.000314866
0.002888279
0.003161071
0.002572026
0.003174179
0.003013478
0.000243114
0.001196404
0.002936553
0.002984706
0.002577734
0.003188024
0.003181103
0.000548661
0.002576668
0.003014274
0.002882143
0.002687833
0.003167390
0.003115764
0.003172043
0.001094940
0.003149188
0.000699176
0.003077746
0.000036320
0.003162840
0.003224082
0.002445198
0.003160791
0.002887517
0.003019872
0.003474270
0.000010427
0.000029038
0.000038045
0.003212407
0.002474649
0.003113143
0.003067331
0.003092546
0.003036628
0.002964503
0.003831748
0.003099160
0.003048792
0.003202778
0.003171735
0.002404682
0.003021189
0.003122256
0.003067166
0.002738241
0.002905418
0.003423463
0.002754361
0.004516258
0.002128674
0.003168804
0.002850233
0.003153117
0.003159209
0.000535516
0.002500969
0.002953981
0.010344191
0.001538404
0.003161092
0.003193003
0.003145246
0.000008944
0.003156024
0.002892828
0.003155238
0.002976409
0.003110368
0.002785625
0.000069797
0.003248728
0.003206195
0.003222823
0.000211433
0.003160108
0.001077054
0.003097798
0.003160760
0.000518565
0.001970049
0.003153744
0.003247564
0.003161914
0.003076662
0.002997279
0.002627528
0.003754153
0.003178999
0.003146692
0.002326076
0.000051562
0.000033267
0.000322612
0.002540848
0.003093060
0.003105165
0.003265098
0.003155058
0.003183899
0.003224197
0.003079446
0.002689159
0.000758685
0.002947156
0.003139882
0.003170899
0.001616907
0.003050695
0.002936939
0.003163348
0.003109767
0.002463071
0.003044284
0.003248019
0.003120408
0.003162174
0.003221816
0.003103993
0.002159459
0.000006658
0.004522458
0.002623890
0.003033743
0.000502984
0.002662051
0.000153744
0.002992468
0.003054091
0.002908275
0.002372620
0.003133646
0.003061302
0.001226867
0.003160349
0.003162894
0.003794288
0.003157529
0.002626056
0.003220923
0.000092595
0.002515886
0.000014634
0.000018991
0.000000000
0.000960389
0.002822592
0.000005502
0.003139367
0.002776904
0.000055923
0.003070709
0.000049336
0.002945209
0.000530978
0.002079968
0.003135427
0.001059939
0.002948471
0.003177444
0.000538685
0.003104339
0.000066982
0.003237338
0.002281328
0.002624753
0.000017637
0.001016757
0.002082994
0.002891006
0.002935210
0.002893428
0.003181904
0.002845872
0.003211042
0.000595330
0.003137445
0.003222587
0.004674568
0.003137787
0.003109757
0.000569795
0.003078863
0.000216988
0.003190749
0.003133800
0.002989368
0.003096575
0.003203679
0.002785657
0.003263786
0.003169423
0.158542060
0.000139325
0.003036092
0.003904051
0.003117068
0.002672910
0.001467293
0.003076073
0.003092862
0.002890421
0.003102418
0.003210671
0.003017635
0.000217325
0.003104468
0.004121603
0.003154775
0.003041420
0.001557228
0.003094734
0.002955473
0.003129716
0.003058876
0.002875493
0.002644906
0.002313702
0.000009264
0.003175611
0.002919122
0.003122359
0.003008366
0.002594472
0.003110639
0.003207982
0.002520165
0.003150360
0.003126268
0.002783725
0.002444777
0.003089292
0.002757344
0.002853321
0.003160264
0.003152225
0.002570801
0.002805345
0.000008900
0.003124537
0.003156013
0.002981784
0.002876620
0.000006633
0.001297408
0.003105481
0.000878148
0.002862337
0.004403831
0.003149822
0.002914533
0.003140848
0.003151473
0.001000599
0.002750671
0.003189175
0.002971412
0.003141910
0.000867485
0.003225536
0.002893599
0.003108985
0.003156871
0.002917750
0.003126110
0.003104051
0.003096490
0.003194031
0.003156350
0.002675077
0.000025300
0.002780722
0.002994453
0.003202981
0.002941224
0.003153934
0.000273744
0.002509921
0.003226814
0.003162456
0.002630218
0.003066494
0.003197884
0.002969975
0.003206876
0.000175859
0.003013671
0.003196754
0.162871475
0.003290276
0.002595561
0.003018402
0.002547399
0.003180925
0.002587218
0.003163609
0.002055311
0.002883506
0.003093920
0.002851593
0.002802583
0.002575371
0.001313830
0.003095123
0.000009722
0.003163709
0.003026634
0.003104854
0.003161020
0.002556281
0.002797516
0.003158177
0.002372784
0.000009059
0.000012380
0.002705852
0.000020666
0.003154694
0.008055430
0.003193719
0.000929303
0.003151817
0.000039211
0.000173670
0.002619297
0.001608272
0.001351436
0.003180271
0.003166333
0.003157984
0.003133254
0.003143277
0.002992156
0.002434391
0.003041343
0.003134778
0.003222131
0.003034461
0.003283084
0.003153714
0.003081710
0.003158789
0.002961345
0.003149784
0.002835115
0.003615141
0.002472692
0.003815553
0.003015550
0.003189695
0.000009734
0.003072015
0.002864671
0.000006317
0.003168987
0.000814120
0.002955270
0.003122227
0.003120477
0.000404900
0.003165192
0.002842741
0.003193288
0.000385164
0.000007511
0.003078566
0.003167386
0.002559659
0.000015320
0.003157280
0.003186402
0.000020693
0.002613415
0.003109332
0.002427586
0.008960374
0.000027501
0.003217549
0.000081877
0.003046986
0.002781133
0.002024731
0.002952552
0.001290094
0.003156643
0.002610450
0.003199971
0.003086128
0.003040806
0.003120829
0.003155973
0.002918491
0.002952593
0.002907610
0.003010069
0.003200262
0.002999907
0.003271810
0.003170710
0.002717193
0.003042704
0.002166379
0.003057516
0.002259881
0.002976021
0.003165191
0.000105974
0.003127329
0.003090923
0.000554057
0.003051889
0.003149873
0.000334011
0.001143764
0.002860719
0.002826079
0.003111005
0.003176594
0.003153433
0.002629691
0.003137395
0.001957211
0.000244426
0.003144413
0.003179158
0.003096720
0.003178125
0.003202360
0.002425131
0.002778608
0.000551930
0.003101069
0.003052672
0.003178441
0.003027064
0.003093185
0.003181199
0.000586937
0.002870422
0.002611387
0.002773383
0.000113586
0.003012048
0.002597940
0.000087717
0.002789702
0.008839755
0.002848686
0.003002226
0.003164125
0.002141985
0.000021172
0.002666503
0.003102829
0.003121705
0.003132307
0.003179570
0.002249676
0.001460772
0.002889119
0.002450916
0.003169580
0.003112753
0.002978419
0.003109650
0.003226440
0.003147965
0.003103595
0.002499744
0.003243897
0.003146652
0.003010680
0.000184408
0.003134578
0.003088153
0.003033126
0.002865525
0.003169591
0.003091849
0.000006232
0.003108851
0.003188731
0.003133532
0.002852020
0.003190526
0.002135826
0.003027120
0.002924648
0.003129751
0.003313182
0.003161283
0.002664520
0.003047832
0.000019409
0.002558759
0.002307555
0.002485768
0.003159383
0.002845624
0.002974559
0.003172336
0.001305114
0.003148784
0.004223568
0.000153785
0.002877080
0.000029497
0.002856286
0.002585342
0.003191395
0.003142290
0.002572748
0.003181145
0.004572703
0.003200758
0.000885600
0.003143605
0.004116765
0.003108025
0.002872041
0.002757348
0.003137277
0.003152261
0.002760863
0.003064494
0.003182498
0.000721246
0.003111557
0.003214873
0.003144350
0.003137008
0.003733754
0.002403903
0.002410427
0.003103143
0.002963993
0.003145094
0.000193114
0.002573697
0.000115920
0.003069463
0.001624745
0.000453542
0.003035653
0.002843920
0.002300604
0.003142526
0.001857177
0.003090736
0.003249332
0.003185223
0.003160575
0.000976969
0.003144633
0.003154670
0.003104670
0.000020928
0.002927563
0.003932722
0.003201697
0.003151485
0.002091003
0.003154455
0.003171992
0.003038073
0.003091909
0.003159580
0.003175371
0.000384247
0.000025482
0.003093057
0.002971292
0.002699086
0.003130109
0.003171530
0.003087351
0.000474732
0.002988104
0.003152629
0.002468619
0.002911573
0.002268154
0.000239823
0.003019615
0.003151673
0.002812341
0.003023033
0.003175867
0.002518043
0.003064600
0.003161251
0.003047787
0.003057104
0.002959202
0.001793018
0.001821703
0.000668126
0.003138444
0.005165022
0.003031022
0.002410327
0.000097359
0.003109029
0.003185783
0.003522272
0.001209492
0.000087086
0.003063761
0.003165076
0.003123000
0.001699189
0.003293974
0.003210003
0.003135491
0.003144530
0.003195149
0.003153910
0.002763884
0.001299112
0.003146520
0.003111737
0.003077323
0.002463131
0.002768526
0.002944282
0.003173626
0.003018330
0.000022183
0.001787730
0.003084976
0.002841652
0.002925642
0.003148469
0.003133955
0.003172446
0.003163953
0.002998741
0.003096912
0.003208903
0.000891123
0.002946289
0.002863037
0.003087552
0.003169615
0.002993179
0.003183939
0.000113566
0.001194344
0.008304725
0.002708034
0.002905332
0.003198823
0.003125528
0.002631224
0.003151993
0.002515908
0.003108968
0.003124356
0.003161884
0.003176599
0.002947032
0.003643370
0.000011307
0.002906864
0.002263920
0.002844617
0.003079664
0.002957198
0.003140129
0.002859780
0.003261832
0.003165276
0.002764996
0.003013630
0.002904892
0.003140986
0.003099176
0.003813133
0.003086069
0.000123776
0.001909275
0.003111255
0.003451428
0.003166764
0.002815110
0.000000000
0.003151527
0.002382481
0.003257626
0.003045657
0.000971161
0.003162716
0.003184511
0.003293091
0.001640520
0.003201698
0.007354170
0.002774213
0.002368549
0.000016472
0.002654530
0.002714967
0.003056141
0.000032339
0.003175238
0.002943662
0.003157395
0.003049334
0.002234587
0.003157895
0.000007386
0.003191823
0.000035448
0.003252103
0.005132952
0.002426429
0.001067718
0.003155227
0.002877796
0.003147157
0.002773543
0.003230994
0.000020484
0.003128514
0.003207811
0.001905780
0.003188711
0.002982755
0.003094599
0.000010193
0.002563472
0.002670950
0.002931930
0.003098503
0.003060641
0.003259003
0.003173689
0.000042628
0.003165511
0.003139831
0.002981163
0.003005277
0.003245397
0.003049487
0.003089878
0.003263618
0.003163026
0.000000000
0.003109702
0.003053580
0.000494257
0.001304878
0.003113993
0.000006177
0.000329369
0.003109106
0.002787917
0.002900813
0.004479716
0.005259435
0.002802387
0.003179859
0.000000000
0.003163117
0.004100681
0.003151456
0.002700494
0.003103237
0.003128407
0.002732745
0.000042229
0.008548651
0.002860407
0.000116406
0.003191104
0.002956628
0.003103747
0.003045950
0.002507766
0.003003570
0.000010439
0.003158199
0.004015482
0.003143389
0.003179342
0.003129377
0.002691645
0.003164828
0.000058995
0.003173536
0.000221491
0.003238271
0.002969568
0.003346161
0.003166270
0.003106603
0.004769035
0.005239176
0.002824847
0.002224354
0.003017459
0.003134744
0.006606562
0.003100946
0.003153434
0.003075512
0.003155074
0.003169991
0.000013960
0.002896921
0.003162953
0.003165369
0.003566497
0.003171295
0.002917306
0.003168257
0.003145601
0.000018725
0.004495731
0.003796553
0.003133200
0.003149270
0.000023250
0.003173480
0.003052481
0.002998001
0.002914028
0.001085100
0.002829230
0.001333039
0.003131679
0.002950462
0.002599000
0.000171190
0.003134088
0.002891744
0.003140690
0.003189523
0.003188765
0.003257932
0.003141801
0.002682024
0.003178398
0.003171851
0.003198476
0.003109061
0.003259321
0.003120670
0.002854584
0.000778520
0.003265682
0.010506376
0.002779665
0.000007268
0.003259931
0.000340335
0.001022754
0.003188618
0.003140410
0.003213706
0.003295247
0.003233818
0.006939372
0.003182822
0.003164198
0.003111530
0.003121319
0.003133494
0.000101895
0.003132199
0.000023100
0.003395286
0.002611997
0.000145643
0.003099025
0.003053540
0.000017691
0.003128711
0.001297246
0.000413541
0.003114579
0.002491431
0.002639053
0.003075674
0.003205652
0.003212292
0.000611083
0.003145964
0.002853561
0.003202755
0.003155188
0.003173237
0.002601144
0.002910809
0.001042561
0.003110616
0.000000000
0.003144394
0.003161763
0.002909453
0.003196880
0.003144414
0.002786364
0.003139774
0.000890436
0.003101094
0.003186271
0.000541935
0.000013062
0.003099874
0.003080543
0.003235619
0.002978236
0.002843656
0.003138686
0.003249550
0.002696072
0.002961888
0.000000000
0.003307277
0.000210000
0.003071216
0.002827235
0.003154480
0.003163789
0.002460288
0.000004825
0.002591912
0.003181935
0.002285982
0.003054390
0.003120496
0.003189586
0.003080765
0.001172891
0.003146102
0.002705671
0.003130623
0.000039042
0.000000000
0.003120561
0.002805419
0.002517563
0.003226835
0.002969807
0.002167077
0.003004275
0.000005576
0.003159198
0.003159798
0.002960822
0.000000000
0.003056456
0.003193968
0.003167958
0.008229058
0.003077122
0.003066362
0.002949269
0.002920435
0.002853508
0.002944685
0.003131946
0.002481100
0.000397760
0.003122729
0.003155778
0.003161968
0.003131537
0.003080388
0.003088389
0.002546756
0.003147107
0.003250376
0.003108665
0.003155301
0.002807646
0.003137141
0.003093676
0.000057749
0.000009662
0.003076282
0.002162760
0.002543393
0.002795434
0.003091943
0.002364335
0.002224302
0.002903117
0.002944616
0.003703962
0.003152626
0.002725802
0.003100701
0.002962451
0.003198506
0.002511485
0.003184845
0.003213518
0.004321981
0.003144720
0.000420398
0.003064175
0.003160556
0.003098116
0.003148927
0.003171424
0.002799142
0.003096217
0.000006566
0.003126961
0.002680780
0.003169907
0.001885539
0.003002236
0.003148888
0.001868852
0.003257248
0.002823824
0.002330236
0.003132653
0.003164057
0.003050550
0.003152038
0.002990575
0.003240830
0.003196312
0.003162016
0.000433018
0.003145866
0.002720941
0.002941538
0.003158387
0.003167971
0.002556345
0.000624438
0.006118782
0.002779008
0.003102543
0.003001073
0.003116379
0.002619276
0.003214976
0.003162475
0.000211775
0.003006999
0.003213989
0.003040909
0.003140280
0.003086064
0.003129765
0.002669332
0.000007609
0.003056714
0.000701968
0.002897312
0.002667780
0.003146402
0.002854586
0.003127395
0.002835965
0.004332953
0.003025692
0.001285401
0.003199918
0.002722533
0.000013138
0.002709288
0.003268521
0.003102867
0.000276322
0.003236041
0.004330716
0.000835344
0.003035522
0.002693400
0.003302985
0.003172555
0.003147361
0.005147920
0.004629815
0.003168531
0.003250174
0.002566734
0.000159050
0.003163738
0.002791630
0.000594675
0.003266935
0.002725239
0.002603635
0.003024982
0.008843691
0.002593290
0.002855586
0.003145346
0.003254116
0.006426655
0.002743299
0.003165169
0.003181514
0.003129710
0.003137956
0.000310443
0.002704662
0.003132529
0.002852712
0.001715384
0.003181972
0.003045217
0.003100727
0.003152330
0.003173931
0.002823496
0.003084381
0.003128678
0.002205317
0.003873012
0.003276073
0.003143328
0.003178484
0.003186294
0.000057854
0.000247201
0.001586957
0.002074614
0.003149938
0.002996172
0.003488147
0.003142332
0.003164222
0.002848070
0.000007438
0.003247033
0.003258913
0.003137078
0.002777757
0.002876306
0.002150339
0.003186165
0.002583077
0.002983206
0.002967864
0.000027404
0.003050566
0.003144081
0.003090248
0.003213700
0.003053336
0.002809555
0.003273226
0.000011552
0.000000000
0.003021171
0.002971028
0.003557125
0.003162540
0.002974563
0.003058958
0.003226211
0.001103165
0.002020014
0.003225682
0.003152353
0.002975305
0.003155498
0.003168489
0.003063872
0.003128967
0.003113588
0.005403669
0.003185357
0.003123531
0.003637359
0.000000000
0.003197588
0.002908533
0.002997269
0.002821366
0.003072511
0.003238904
0.003091548
0.002126246
0.002558753
0.000000000
0.003016097
0.002115549
0.000006459
0.003098217
0.000541661
0.003092644
0.003206992
0.002860608
0.003177839
0.003131195
0.002944690
0.003162303
0.002897959
0.002620437
0.000971358
0.000175407
0.003156698
0.002688927
0.003112266
0.003332997
0.003129678
0.002749724
0.003204522
0.003202827
0.000978518
0.001306505
0.003187393
0.003197307
0.003164737
0.003050784
0.002887851
0.003233398
0.003047605
0.002870691
0.003131473
0.003164447
0.000254228
0.003058276
0.002916882
0.003133244
0.003215719
0.003136920
0.002822209
0.005244023
0.000014651
0.003113815
0.002940963
0.003034642
0.003168160
0.000006065
0.003105258
0.003139845
0.003175365
0.003061003
0.001769735
0.003052754
0.001038081
0.003087898
0.003037662
0.003156885
0.003124720
0.001869510
0.003148555
0.003138709
0.002696638
0.002180296
0.002815427
0.003031431
0.003108649
0.000849556
0.003104712
0.000582662
0.001317340
0.003158125
0.003298115
0.003055089
0.002594973
0.003207122
0.003204838
0.003154078
0.002662094
0.003112660
0.003184621
0.001079842
0.000029852
0.003138778
0.003161389
0.003103717
0.003137207
0.003089525
0.002804863
0.002245376
0.002680088
0.003199569
0.003154788
0.003177396
0.000476020
0.003395163
0.003147829
0.003155131
0.003125608
0.003205181
0.002740603
0.002683204
0.003145853
0.003155898
0.003084380
0.003063461
0.003118758
0.002354489
0.000005192
0.002597056
0.000255865
0.003084787
0.003118899
0.003160656
0.003102064
0.004345539
0.003053986
0.003079290
0.003159005
0.002735661
0.003603449
0.003086179
0.003111953
0.000522081
0.003118126
0.003252190
0.000360885
0.000048870
0.003236802
0.003047079
0.002777748
0.003184237
0.002602192
0.002829588
0.003183824
0.003139945
0.003065646
0.003182652
0.003182432
0.000108575
0.003004088
0.002929775
0.003272967
0.003198750
0.001049956
0.002567667
0.003132320
0.003160220
0.002985232
0.003143744
0.002937846
0.003197464
0.002986294
0.002052964
0.003094575
0.003083449
0.000840895
0.003225910
0.003141687
0.003138329
0.003104242
0.003010368
0.002508156
0.002884102
0.003160793
0.002295563
0.002919040
0.002814902
0.003160247
0.003157577
0.002389936
0.003126777
0.002913292
0.000014909
0.002950298
0.002155582
0.000895773
0.002943691
0.003185550
0.002725125
0.002926823
0.002928480
0.002873210
0.002483770
0.003025375
0.001994053
0.002765646
0.002933519
0.003158786
0.003154043
0.001056110
0.003193713
0.002899608
0.007904348
0.003299343
0.002887962
0.003197947
0.003162309
0.002693684
0.002106473
0.003130659
0.002322469
0.002589402
0.003149214
0.003102376
0.002932225
0.002931160
0.003075112
0.003230627
0.003040902
0.003192447
0.002673668
0.003174542
0.003086301
0.003157383
0.000034319
0.002857652
0.003138929
0.003170968
0.000006953
0.003279097
0.002330299
0.005276271
0.002732459
0.000000000
0.003153060
0.003084215
0.003133827
0.003226517
0.003080290
0.003162892
0.000008783
0.003105590
0.003093383
0.003153123
0.002323550
0.003141317
0.003201058
0.003154352
0.003258519
0.003173587
0.003226392
0.000226393
0.003181940
0.003263996
0.003175756
0.002383729
0.002985125
0.003050019
0.002506837
0.002202097
0.004347901
0.000153450
0.003150434
0.003201340
0.000853644
0.000009593
0.003235605
0.003151976
0.002429914
0.003380706
0.002465419
0.002152548
0.003511606
0.003162347
0.000008454
0.003056286
0.000697758
0.002789850
0.003977714
0.003124650
0.003152692
0.004940122
0.003132233
0.002735168
0.003138652
0.000007217
0.003182362
0.003223139
0.002580222
0.003229084
0.003154522
0.003156370
0.001596224
0.002882163
0.003223742
0.002949877
0.002417976
0.003029709
0.002884610
0.003166933
0.003113030
0.003015698
0.002616228
0.003006879
0.003180306
0.000174022
0.002284670
0.002742047
0.002848154
0.003199068
0.003109866
0.003154372
0.003147708
0.002769834
0.003165736
0.003222207
0.000654119
0.000835407
0.003371290
0.002369702
0.003162431
0.003115194
0.003174589
0.000019556
0.000030334
0.002888628
0.003194823
0.003098182
0.002793735
0.000929106
0.003127320
0.002826543
0.003155869
0.003521577
0.003322918
0.002997135
0.003255776
0.003197225
0.002215515
0.002349177
0.003146552
0.002991466
0.000003540
0.003060921
0.000034248
0.002964999
0.003130425
0.003218291
0.003151952
0.000059046
0.003170325
0.002574433
0.003196177
0.003048709
0.002637233
0.000511912
0.003645986
0.000136317
0.003135002
0.002917722
0.008948569
0.003070395
0.003335093
0.003171200
0.001484647
0.003694319
0.000000000
0.003257101
0.002644647
0.000233725
0.002730619
0.000008617
0.002993882
0.002628013
0.003091908
0.002781312
0.003129314
0.003145609
0.003141143
0.003123909
0.003217750
0.002337824
0.003150417
0.003077112
0.003207307
0.003237884
0.000287936
0.003219692
0.002523643
0.003195383
0.001727020
0.003152954
0.002189616
0.003122839
0.003174498
0.003175259
0.003228466
0.004077851
0.000580490
0.003178593
0.002858263
0.003163074
0.002650369
0.003141194
0.002969352
0.003144328
0.000015319
0.003133554
0.003177699
0.003069679
0.002086426
0.003154808
0.002616358
0.002963994
0.003134082
0.003165158
0.003168678
0.003136477
0.003199579
0.003328904
0.000079906
0.002817988
0.002775308
0.002869371
0.002965464
0.003148800
0.003219590
0.000013982
0.004036278
0.003164012
0.000093471
0.002115556
0.003063592
0.003608241
0.002884457
0.003094687
0.003103344
0.003041178
0.002975192
0.003148284
0.003022116
0.003084365
0.003280216
0.003426179
0.003266036
0.002468365
0.003159455
0.002293866
0.002791673
0.002957819
0.002962868
0.003130707
0.003174093
0.002173184
0.002841354
0.003220391
0.002912116
0.003220222
0.000020692
0.003140125
0.003159389
0.002701579
0.000007650
0.003116319
0.003071880
0.000006200
0.003190398
0.003143878
0.002367435
0.000033624
0.000233661
0.003201586
0.002696420
0.001904200
0.003234350
0.002635132
0.003172615
0.002954124
0.002872157
0.002161924
0.003021577
0.002961863
0.003160314
0.003142140
0.002254095
0.002630510
0.002804020
0.003142923
0.000071061
0.003204987
0.003129478
0.003157211
0.003052304
0.003176779
0.003162883
0.000142860
0.002931607
0.000289914
0.003166113
0.003066156
0.003156072
0.002481450
0.003248414
0.003108875
0.004533674
0.002995126
0.002469010
0.002943542
0.002898913
0.003131358
0.002718680
0.003174796
0.002543987
0.002989808
0.002747963
0.002334084
0.003004783
0.002385254
0.003142620
0.003155081
0.002776538
0.000032515
0.003152414
0.003249516
0.003144547
0.000000000
0.003170326
0.003031500
0.002755811
0.003173206
0.003173652
0.002742888
0.002944072
0.003262526
0.002970021
0.003071588
0.002702067
0.002862281
0.000042457
0.233062816
0.002975764
0.002351436
0.003141205
0.003182804
0.002903393
0.002673390
0.003173192
0.002817817
0.000639474
0.003153686
0.002884048
0.003158502
0.003201178
0.003293285
0.002263400
0.002881806
0.000004111
0.003146537
0.003133952
0.003085943
0.003253898
0.000030776
0.003163367
0.003166022
0.002735878
0.003122474
0.003148214
0.000387552
0.003205526
0.000014852
0.003124470
0.002943390
0.002740284
0.003083975
0.000420723
0.003104090
0.003092227
0.002808153
0.002600992
0.003202026
0.003140613
0.003045165
0.003245429
0.003118201
0.003271640
0.000246685
0.003190756
0.003008054
0.003142670
0.000309875
0.002980352
0.002660728
0.002419525
0.002242546
0.003248219
0.000000000
0.003273532
0.000200026
0.003192510
0.003105664
0.003134956
0.002915039
0.003233644
0.000035048
0.003160604
0.002591403
0.003060671
0.003172213
0.001646043
0.003186748
0.003096512
0.000082827
0.001017386
0.003255779
0.003057946
0.003136142
0.003160936
0.001749601
0.002081660
0.003161933
0.003029620
0.000078537
0.003213975
0.003094729
0.003150147
0.002396609
0.000036012
0.002444722
0.002770068
0.002321722
0.000017599
0.003153353
0.000008682
0.002928964
0.002926327
0.003104523
0.003147591
0.003070881
0.003454217
0.002653531
0.003182788
0.002216713
0.003145299
0.000198008
0.003272564
0.003046485
0.000008416
0.001246287
0.000052636
0.003052290
0.003150653
0.002610283
0.003240762
0.002931902
0.002885929
0.002511548
0.000012793
0.000009613
0.003129436
0.002823282
0.003191443
0.003058880
0.003357649
0.003167860
0.000897776
0.003162088
0.002751685
0.002920551
0.002749588
0.003264491
0.000089408
0.003188836
0.000022176
0.004382782
0.005267111
0.003079820
0.003170093
0.003198280
0.003156818
0.002859965
0.003170376
0.003004552
0.003169285
0.003009599
0.003094475
0.002304456
0.000524328
0.002841883
0.003104675
0.002477280
0.003152588
0.003125225
0.003147148
0.002766522
0.002839890
0.002113243
0.002687507
0.002949015
0.003170522
0.002388429
0.003222224
0.003229353
0.003177736
0.003122272
0.003167398
0.003023084
0.003163711
0.003194648
0.002682420
0.002611893
0.001967850
0.003051170
0.002823855
0.003151267
0.002704734
0.003218331
0.003140561
0.003143252
0.003174942
0.003035088
0.003423306
0.002508526
0.002819294
0.003150998
0.003051204
0.000320124
0.002746252
0.002907147
0.000040051
0.001908953
0.003090363
0.002689386
0.003017361
0.001504739
0.003174684
0.003185651
0.002847588
0.002874806
0.000004671
0.003140441
0.002838311
0.003034375
0.003272729
0.003203409
0.003161855
0.003177063
0.003160860
0.003167114
0.002762100
0.000000000
0.002899132
0.002909772
0.003096939
0.000409270
0.002924853
0.002792019
0.000778960
0.003473913
0.003132558
0.002224940
0.003003585
0.003175072
0.003097577
0.002646600
0.000005904
0.003103230
0.002638576
0.003134907
0.003151034
0.003030345
0.002767426
0.000031297
0.003023124
0.003121396
0.003091232
0.001855361
0.003226993
0.003215582
0.003114661
0.002801948
0.003187455
0.003107409
0.003211476
0.003008671
0.003231632
0.002659220
0.002738260
0.002725716
0.003148303
0.003054176
0.002734919
0.000038859
0.002997356
0.002343817
0.003027616
0.003068493
0.002511125
0.011129719
0.003183846
0.003136746
0.000544120
0.003110420
0.003041663
0.000161597
0.003167977
0.003249115
0.002901243
0.003184681
0.003304893
0.002930555
0.003041601
0.000007655
0.002806294
0.002907750
0.003160782
0.003155575
0.003215167
0.002969236
0.003155593
0.003047068
0.002869798
0.002468728
0.002942598
0.002339055
0.003163114
0.002857310
0.003052024
0.003208335
0.000007276
0.003001244
0.003137638
0.003170983
0.003149095
0.003138400
0.003148574
0.003151425
0.002566154
0.003197679
0.000041673
0.003122857
0.003233125
0.003166094
0.002602673
0.000007812
0.003122539
0.003160055
0.000008094
0.001056497
0.002824313
0.003106503
0.001416356
0.000224863
0.002919604
0.002815203
0.000018364
0.003175193
0.003132587
0.004322489
0.000006655
0.002168403
0.003144919
0.003115851
0.003136120
0.000538899
0.000013052
0.000010747
0.000613904
0.000230556
0.003098007
0.003136932
0.000007616
0.002969431
0.002943341
0.001453057
0.003105514
0.002484574
0.003152945
0.003111881
0.003124964
0.003119030
0.002543064
0.003097755
0.001778865
0.003148841
0.003119674
0.002693619
0.002718753
0.003267401
0.003130192
0.001513766
0.003123034
0.003012238
0.003152986
0.003125898
0.003075332
0.000849073
0.003156297
0.002381787
0.003148055
0.002881997
0.002888194
0.001445140
0.003254527
0.002697374
0.002897867
0.003161032
0.003167438
0.003318371
0.003104593
0.003152610
0.002856986
0.003131856
0.003129732
