4.202530
7.132170
42.489800
4.080050
11.754300
5.067340
17.790300
5.651400
8.604430
23.474600
41.546500
3.944520
7.765750
4.784500
9.748710
4.055680
3.904680
39.763000
96.287700
26.479300
4.101580
3.962500
9.127140
4.173730
8.375320
12.606600
8.222010
3.904560
8.977830
4.143480
3.992660
13.664100
60.215900
5.982380
4.420570
8.359740
15.281500
4.929060
4.641600
4.996420
24.049600
9.300820
17.891900
4.163020
4.584210
4.143440
28.605000
3.854230
15.731900
11.298900
104.145000
67.412400
10.882500
3.987160
5.529320
6.684420
4.870400
11.287500
34.624600
3.946790
6.326650
4.216350
18.245700
14.063900
49.527600
84.519500
14.452100
46.751400
15.985200
52.399100
3.897080
6.674100
3.912610
3.948690
4.417240
18.093700
4.145040
4.195290
3.899930
4.334100
4.154430
23.630300
8.694630
7.388490
5.314160
4.624920
23.300100
3.959780
15.187500
3.937450
12.992700
5.986970
39.271000
4.211240
4.004830
3.831180
5.693380
4.668330
18.379700
4.100300
4.158970
3.832380
7.419360
57.060600
4.197300
35.776700
15.090500
12.897000
11.674500
7.173100
6.520750
4.028930
20.090200
5.822690
3.977350
8.681290
3.869600
6.424830
49.302300
5.063240
44.926500
5.776850
3.954660
21.167400
15.049900
4.099620
110.687000
6.117560
4.630010
5.304600
4.912100
29.130900
4.033570
3.833390
3.836940
31.935500
68.598000
5.059110
4.043950
52.159200
3.962390
4.114930
4.790280
83.137600
4.162220
4.569390
3.939800
67.753500
22.096500
11.110200
3.809200
3.872540
5.366370
58.183800
6.321150
4.576960
5.461950
8.959400
4.038450
4.116980
58.571900
4.049670
6.931280
3.914310
6.055390
6.637960
4.320190
40.866400
11.966100
50.715700
3.928660
15.914300
3.884970
17.052300
11.084200
76.897000
16.195900
43.577600
4.303690
7.286090
3.936450
4.716130
6.404700
6.551080
4.580030
3.951920
45.278500
3.960930
4.185900
36.411400
50.511200
6.759380
36.536100
21.175300
3.957000
6.186480
177.948000
4.375410
5.977490
5.581250
7.412570
61.986100
37.795200
24.847100
51.378200
19.518400
4.426650
18.159400
23.860600
3.856070
34.459900
17.686300
63.168800
4.104080
4.873460
7.892390
5.063260
14.311500
7.005830
30.138500
3.956050
41.897700
5.488910
22.192200
33.645900
4.502950
4.058110
4.200990
5.857460
3.854030
4.094200
3.910140
4.937720
4.087920
14.153300
16.239600
4.817370
6.449000
7.252800
27.529800
3.976760
8.381020
4.193560
3.903150
53.736600
27.252300
33.440100
39.555100
5.270470
4.924120
6.789590
6.976180
25.238900
4.169560
3.953130
4.134090
11.597700
3.883170
38.826500
8.083680
4.010570
3.865700
4.035550
4.265260
7.385270
3.934500
3.933480
3.830500
7.191060
5.674710
62.038200
4.083510
26.560600
5.700820
87.442500
3.889540
3.998090
14.700000
4.373020
4.214840
4.076110
26.724600
3.915770
4.062410
6.934710
23.682700
48.747100
17.754600
5.548960
5.302200
3.998500
3.880670
6.085090
69.524300
3.839760
8.270720
3.901320
3.837810
3.915230
4.003110
4.067740
3.946020
11.258100
3.905310
11.213100
8.190510
3.927760
11.722000
6.477370
4.015490
3.888270
4.113990
3.890290
39.170000
3.816350
16.597400
10.217900
73.380300
5.815810
16.093800
4.206710
30.114800
4.130420
5.010670
4.359670
4.461620
42.935700
3.809690
14.245800
4.816870
10.834900
17.956500
4.027220
33.448100
3.896080
3.880590
3.828480
24.378800
6.358270
4.771430
8.054660
4.439960
4.025400
5.982100
3.936290
21.199900
36.719500
7.718760
7.361200
10.196300
4.270570
18.233800
14.784300
65.947200
4.470000
29.068800
4.303940
11.109600
4.012760
6.165390
4.436900
45.918400
4.203370
10.578800
26.032300
77.035600
28.987800
14.506400
6.087430
4.061040
37.820000
3.977970
71.608400
31.400000
5.005910
4.127060
55.074700
3.937350
4.934980
68.663000
11.990500
6.067450
12.714400
18.101500
23.224900
3.978520
10.855700
4.137170
3.931340
27.942300
4.019590
4.007640
6.486420
6.797380
42.179100
3.946410
3.971380
8.219880
4.491990
13.962700
3.891350
4.204750
21.712800
13.216200
4.037730
5.574540
4.061730
13.891800
11.916800
7.172520
5.001060
4.151440
10.502100
7.480890
3.917560
48.054500
5.726680
22.212900
3.853380
4.874240
4.071890
3.946690
4.014140
10.989000
4.098170
3.911760
3.904130
5.560610
13.665300
14.522600
4.644040
26.364300
21.167300
4.838650
5.684090
5.541360
17.546400
67.503600
4.021440
20.612700
56.730500
81.211800
34.557000
25.345000
50.201100
22.620500
6.160300
126.811000
19.210700
4.398640
16.588100
23.391400
6.549890
12.044900
4.162550
4.436290
34.331400
6.821470
3.941870
4.367360
17.700700
15.553900
39.944900
40.133400
4.129480
5.070080
3.859930
3.855340
4.458980
38.453900
3.939770
47.312500
4.450640
17.026400
33.072800
34.517300
3.973230
5.708290
10.989200
3.888320
3.926260
4.820210
33.620300
4.043630
3.996540
16.034000
4.921890
12.163000
3.953740
23.158700
9.730230
44.158600
7.201750
3.942340
3.954400
3.950810
9.655340
3.853340
20.479500
4.411360
5.446170
65.044700
13.219300
89.909200
6.706850
11.305700
3.909960
3.948260
3.993560
3.871210
14.639200
4.254480
4.197320
3.951330
8.348930
3.917550
62.210000
3.999920
14.942700
4.978090
18.285400
5.910870
5.337860
31.552000
11.665600
4.348190
8.086970
4.111290
12.648300
3.966630
31.958700
7.948030
4.057860
3.977430
6.980370
27.048500
10.797800
4.512610
6.627120
4.823750
4.559690
4.516850
6.100890
4.752990
32.732300
28.995300
4.298010
5.792500
4.188720
23.679000
3.938730
5.159120
18.457400
3.942910
3.838610
3.980680
3.985120
6.829760
5.240460
3.954570
5.343910
23.816500
3.934960
94.978500
4.348380
4.963260
56.663600
4.017660
26.941000
4.300550
4.586210
4.132700
90.075400
9.906880
13.730400
59.685800
4.955050
5.730260
17.847700
3.870290
21.858000
5.522740
5.334580
33.650000
4.110700
9.637730
4.177320
3.889030
9.989820
6.520800
14.146400
30.513500
9.587850
26.183200
5.729090
4.023480
4.018350
120.033000
38.569400
22.527700
14.366600
3.919950
4.770910
46.088900
3.836470
5.035770
3.906830
3.860560
3.979920
4.350050
35.571600
6.661370
7.169370
4.206880
79.480300
5.933680
4.148850
3.896960
99.938000
6.077540
30.712500
18.530100
4.203610
3.969890
4.086440
3.985580
99.393500
18.185700
3.931760
103.854000
4.715770
30.857400
6.109110
3.979300
3.918790
4.313220
5.329700
3.964950
4.678510
12.307700
5.124010
47.055300
10.828600
4.034940
4.053090
12.588000
55.382800
3.825260
4.242740
10.088900
4.138030
72.162200
41.044900
34.211000
5.427120
15.464700
4.083350
38.656600
7.805340
5.294030
5.118220
3.882350
5.442140
3.866440
25.185200
15.249400
3.998480
3.909640
4.850260
6.042920
4.688140
12.583700
8.090550
45.477000
3.982020
6.075500
7.353860
4.074290
4.001370
3.948080
7.010200
12.018100
5.032570
4.363170
16.909000
6.400590
11.067700
6.714590
5.924930
7.734050
4.182520
3.887720
3.956220
7.096600
4.576790
5.711640
3.929040
8.197260
6.263700
5.842230
42.123600
3.857890
29.912200
10.168200
27.183800
3.899480
39.331400
18.154100
27.369300
4.156480
5.984200
18.841900
9.683410
6.391160
5.038050
9.850740
9.869330
6.159870
3.986580
3.900580
12.582300
18.599700
4.152610
10.387800
38.197900
10.658700
4.252010
22.308700
6.849420
53.402900
29.626900
28.060000
26.490300
5.310530
51.420900
4.049900
6.891490
21.882900
31.546400
21.582300
3.822360
38.885200
3.866750
56.856800
4.045500
4.182630
4.101340
4.830540
3.965250
4.724590
3.998580
3.826860
4.800440
4.587400
4.542330
14.568500
4.483590
7.700260
34.928400
5.271120
3.878770
3.864110
4.505680
3.925830
6.099120
8.354450
4.583460
10.934100
4.000700
4.194980
6.634000
13.370100
7.873190
6.908380
27.209600
3.922000
3.925770
3.994710
5.638650
4.419860
4.276970
5.166760
3.805580
6.573320
5.128920
24.107300
7.255430
3.940540
8.658480
16.509500
7.881900
3.958830
81.665800
6.296020
14.137600
5.168100
7.945150
3.960490
122.160000
4.602040
75.180600
3.960040
8.673510
25.562400
41.186200
68.702100
3.838990
4.880510
8.740760
4.180800
4.836630
4.344760
4.449720
43.022700
52.797800
9.221020
6.829080
28.304100
54.560200
10.024400
47.744700
9.040700
4.581210
3.978480
5.630090
3.946450
17.379200
4.167250
4.651290
6.146630
18.127000
3.925060
5.356800
53.835200
7.437490
44.290400
4.034250
4.741550
3.951200
11.918900
3.880640
4.116700
4.036600
4.085250
4.606900
7.038620
20.550700
3.936190
3.924200
12.366500
6.071240
147.743000
38.960000
7.193420
10.306900
19.899700
16.903500
16.558600
14.154400
13.346000
80.872500
3.969520
18.547100
4.747630
3.889910
5.014910
36.701800
13.984800
23.964700
10.339100
63.366000
6.990900
12.101300
29.145000
3.956270
4.633450
13.425300
65.511100
3.863120
68.924900
46.257500
6.540620
50.882800
74.313300
5.796550
35.902900
3.960670
4.105700
6.302880
4.194830
5.355280
11.904800
4.266230
23.213400
13.309100
5.721850
4.069570
3.920890
24.971100
3.859660
6.546890
3.980800
56.910300
3.913100
3.905990
7.680530
30.882400
69.201000
3.910930
4.028040
12.680300
4.707480
3.931500
3.902600
4.077240
25.058900
8.323060
3.958870
5.649330
4.133090
4.077930
3.971540
4.212510
108.818000
4.101990
3.888580
21.625500
85.443800
47.833000
4.025060
27.816200
3.859740
5.925940
5.687060
4.450360
4.343980
12.669200
5.813960
5.878800
17.107000
23.275200
7.497760
7.901250
61.004900
36.128300
3.908960
4.363900
4.191920
25.573700
27.376100
18.130800
3.846530
16.306300
18.533500
9.358140
29.002200
5.217420
16.528300
4.158450
42.117700
3.841530
26.895500
4.277670
10.459900
82.458300
4.004270
6.194210
10.660400
4.187730
23.577200
26.712900
18.185000
47.473800
5.034620
15.717400
3.853700
26.884600
4.020560
5.477410
3.942030
4.150060
81.002500
4.108430
21.183300
4.092430
4.324730
32.630900
4.132110
11.243800
76.201200
3.831700
15.949900
14.975300
3.861100
4.046020
9.498430
6.369550
30.341200
3.968960
22.678700
8.712150
3.935520
9.278970
54.568200
4.048310
3.885230
18.857300
15.298600
5.696670
4.157920
7.826430
35.283200
5.198120
4.697730
30.049800
4.052210
6.931970
4.231980
4.021180
4.175670
4.222920
4.735090
33.358800
15.131200
57.304200
6.252740
6.870940
9.366020
4.044470
9.015360
143.584000
10.400700
4.632830
17.765900
24.416900
6.280470
9.335920
3.780960
61.467100
4.964680
11.726300
29.231800
22.899600
6.206550
6.540350
4.246450
3.866130
73.633300
6.383600
60.676800
4.587840
13.139500
4.270740
23.840100
4.075140
4.058840
18.594600
11.245600
17.808000
4.066290
4.853250
3.876330
7.543070
13.159600
6.715170
3.892220
6.944600
4.012010
6.081960
3.945470
48.022700
4.603820
39.662500
4.142200
3.915610
3.999910
20.488000
4.275610
4.516790
38.278900
12.588000
3.942500
11.749900
8.528310
16.735600
4.523660
3.947950
3.819740
21.053200
3.916580
7.359090
5.642890
4.157710
3.932390
35.924200
5.246260
4.102590
5.330560
3.970370
4.356530
7.566010
3.972100
3.857970
3.850040
21.161300
16.184400
3.872350
29.126000
4.129490
3.993110
4.004010
15.862800
45.722200
17.280100
4.444350
48.069700
17.135100
4.065600
16.309400
5.518700
4.549010
4.309020
41.891800
4.146420
4.728280
3.889180
5.795650
3.962220
3.929220
4.220940
3.963050
3.904240
16.342500
5.690580
6.907350
4.172060
59.159100
4.596360
8.753860
4.056250
3.952630
4.748460
3.960560
13.670600
10.791600
9.798570
5.438480
3.862200
4.072890
3.934060
54.419300
4.206390
3.863070
22.653200
3.897500
3.935430
3.960650
3.929170
4.298760
5.004470
11.523700
4.469330
30.528600
8.280660
4.135820
6.094620
12.371700
5.187810
24.493500
55.429900
3.950360
46.235500
9.771560
4.038380
4.171940
47.008500
4.373750
15.382400
4.857010
9.901420
13.927900
3.929380
6.115390
16.428900
28.265900
54.928800
11.100400
4.151790
4.870270
4.427970
3.891330
4.353800
3.878670
4.837880
5.538950
11.944400
61.655500
118.967000
4.455440
5.015860
23.643300
29.840600
9.041030
6.121350
3.942240
4.512750
3.854910
4.040410
23.077700
4.250130
3.948800
4.153390
4.597470
50.060900
29.544100
4.355950
4.039200
3.868580
21.890900
3.981750
14.530700
5.551800
3.977420
62.638600
29.025900
7.460600
18.764300
43.249200
22.489700
7.151550
33.848800
18.174000
5.222860
3.934430
27.048000
25.668400
3.888150
29.317500
4.051060
4.211800
20.759300
7.456770
12.101400
10.023800
4.272060
3.880780
7.355010
17.787600
4.269190
30.573100
8.112150
3.924380
45.986500
31.395400
4.201070
49.371900
64.626400
26.708800
4.998010
12.896600
4.504090
7.046280
80.354200
3.995220
12.139900
22.030800
24.164800
60.203100
67.512000
4.701700
16.283900
10.953900
48.365200
7.933970
3.857000
3.963910
9.829390
37.164200
23.300700
12.519600
24.855700
3.963000
4.009000
3.807130
4.554710
4.199110
5.038010
7.728760
6.114340
4.142580
4.132480
4.100780
4.075770
27.656100
25.014400
3.803440
11.143400
7.029620
50.908000
5.843640
3.860420
3.862420
16.401300
17.500900
6.977760
3.940360
3.938730
4.267750
10.089800
36.865400
6.297950
4.592060
3.825760
41.162900
17.876200
3.937380
31.662500
40.668800
6.091540
13.996000
6.197150
8.327390
72.829100
6.667670
6.158290
5.253770
6.195610
4.935790
4.044460
10.308800
17.251900
10.583900
4.022790
18.184000
19.391400
3.894640
32.342000
14.003600
3.997970
4.775410
3.894930
21.753100
3.952750
4.209790
3.946380
4.155990
41.856400
3.885030
21.694900
4.448870
15.476500
15.117800
6.420770
14.374000
3.928610
20.542700
4.113030
72.517500
5.087350
3.958250
13.586400
5.895360
14.427700
4.168070
5.564750
5.597840
13.621800
41.340000
4.438910
33.516200
6.189930
37.798000
21.796400
3.925960
4.161430
4.007520
3.853910
7.328500
34.835100
20.174300
6.282770
13.954500
10.600000
8.231170
45.101300
17.585800
3.949190
20.531500
9.871990
4.084490
42.857000
9.442840
3.989650
4.120150
28.685400
3.951950
47.026900
3.892750
5.926160
17.105200
12.632900
4.628280
6.042040
3.873150
4.040290
9.526920
3.973890
3.908580
7.515420
4.625330
8.647150
3.905820
3.996710
4.535820
5.497740
21.143700
75.181100
10.815400
7.374960
5.443580
5.812280
13.809300
8.230540
4.793050
38.483100
38.288300
42.056800
5.067420
4.402990
4.038970
7.744810
3.970270
3.994900
43.613900
4.111540
16.864700
29.690700
4.197590
3.949770
13.643200
4.049800
3.899300
4.040650
4.497030
4.185060
58.782300
5.581520
5.663860
4.519130
20.456500
72.937500
3.985020
34.219900
34.631900
6.237190
4.403570
18.441500
30.075700
3.916800
3.892080
7.275090
3.900000
4.166000
5.806570
6.194870
4.187900
4.897620
5.711870
230.797000
11.730500
4.193260
3.840040
26.919500
3.909590
13.503200
5.140570
3.821760
4.068940
3.998390
15.253600
18.418100
32.390200
3.956230
4.867170
4.927000
3.927880
3.988860
10.431700
4.022070
3.974510
101.059000
7.231840
19.278900
6.484980
4.224050
14.911700
5.012080
35.715900
11.933600
16.403600
3.928260
15.323700
4.123430
4.698470
24.056900
17.384700
12.466200
4.056780
3.893370
9.222110
4.664030
38.419500
18.771300
5.589240
5.059020
4.301450
65.259200
51.640800
13.886100
22.175000
4.602180
3.862920
29.703100
4.984970
4.309330
8.334690
49.491700
5.386020
4.746440
14.368600
3.990990
45.356400
29.941400
8.185020
4.717750
4.263840
27.558300
65.204300
4.416280
11.867900
5.834810
15.566000
5.241630
57.818300
4.154130
6.591630
3.886350
5.636530
6.353410
3.865980
4.267950
4.436000
40.588800
3.829120
16.437000
18.377700
10.885300
61.694100
4.207330
4.577130
12.215600
7.855740
3.935280
17.766600
15.000800
4.180430
4.727090
45.420200
19.212300
4.100650
3.962940
4.535260
3.913240
29.634000
3.853030
9.978700
3.894200
14.038000
4.278560
6.734140
6.939910
3.954540
23.863900
4.426860
3.943480
74.248500
14.125000
6.094030
7.063360
5.501160
4.477180
29.950500
4.276310
7.122450
6.279610
5.071360
3.936310
25.103100
40.915300
3.876550
11.411400
3.966780
3.962970
4.848920
3.960180
3.925290
28.049900
73.948500
4.524960
11.355800
11.897800
90.408700
8.182250
4.844590
8.230910
5.229110
46.483800
3.925710
5.451500
9.326450
4.315560
41.955900
30.684400
27.301300
8.376860
12.868700
4.036240
4.237260
4.272670
161.913000
13.910500
4.390580
6.247160
14.082700
4.276250
3.992550
5.106950
3.956900
10.575700
17.364200
4.206960
6.195640
19.098000
8.083760
4.137630
48.723700
27.647600
4.050530
4.266960
9.011500
37.508700
3.934080
4.020410
38.387800
4.418200
3.906390
4.270530
15.566100
15.976500
3.975780
29.034100
168.385000
8.953460
6.875720
9.301510
6.936990
18.058700
6.814930
4.438840
5.665190
35.048200
3.980720
4.809820
15.894900
45.856600
5.581520
41.833900
3.904060
6.388030
3.955220
5.580640
3.914910
6.417880
4.257050
3.880580
4.387010
3.894430
27.220000
3.879970
177.152000
8.122100
94.515800
3.798560
3.897320
33.180800
15.552300
4.540040
31.443100
22.000000
25.412300
12.246400
4.625730
4.405820
53.389000
14.655800
4.234590
3.914030
29.878200
5.759380
3.965120
5.047070
17.070800
12.749400
4.035980
11.257700
7.682940
9.905360
3.967860
201.388000
7.270200
111.570000
4.073170
4.727620
27.567900
16.041300
37.549300
27.828200
40.523900
54.788700
4.026880
3.866330
3.906640
4.317450
4.512540
3.964900
4.085740
26.971300
3.809880
5.038530
7.698050
4.713300
18.260200
3.951930
4.031650
15.510100
3.905920
15.756300
18.388000
10.373600
5.808550
3.959680
31.376400
3.817860
9.719140
4.174290
4.381140
3.871000
3.871110
22.696400
14.114800
8.116940
5.533060
35.501600
4.031160
3.875040
4.487600
4.283960
8.332310
14.729900
3.896910
27.051300
52.798500
3.879120
3.902590
16.947400
43.547900
46.609300
36.755400
32.491600
4.176060
17.271500
4.058250
4.008800
3.910050
4.179720
12.243100
24.780400
69.560800
4.040850
10.453600
3.874850
11.825700
4.407890
11.567700
70.889800
22.583500
4.089840
5.195290
4.289470
14.352700
4.444770
4.244950
9.915860
8.486070
4.032290
4.176760
19.687000
14.956700
37.276500
4.003430
3.975360
7.195850
3.956010
7.283940
3.971070
24.455400
8.862570
11.873500
84.820300
7.689700
8.956800
3.953050
3.929510
5.659510
11.971400
8.694410
3.914070
3.878850
11.545000
12.389400
23.760800
31.681100
37.474900
17.037000
18.865500
3.928780
3.906200
15.635300
154.247000
19.433400
11.198500
3.949870
11.377300
3.962060
26.708300
13.532500
5.815740
3.961000
35.709800
3.926090
79.447100
9.391520
17.124300
55.937700
4.789640
4.263060
5.845380
4.027550
23.946500
4.594300
4.394880
112.939000
4.134960
7.269580
5.140710
3.821500
5.217820
4.983320
4.163100
17.482600
44.697000
3.871460
16.858900
3.981630
3.887870
21.126800
17.890200
6.027660
19.273100
7.415670
4.300570
43.355100
3.931810
9.316340
4.123180
6.068640
4.557850
10.392700
5.083300
4.015530
5.648180
53.164500
65.577000
3.894370
23.720400
5.126350
4.879140
4.196780
3.945960
4.019750
4.163630
5.691300
6.318200
40.220700
11.151500
8.737710
4.610030
10.221600
49.498900
3.988180
3.981230
15.091000
4.623630
4.108860
4.124020
4.016490
3.969450
31.538300
7.893110
5.092240
30.190200
7.904130
15.534200
4.046100
17.652500
73.383200
8.083940
4.507980
141.215000
50.305700
14.587500
3.995980
19.029000
4.150720
4.323190
8.028390
7.499690
4.295020
4.517310
4.960710
18.833000
50.807600
37.200400
4.567160
55.539100
4.337770
34.815600
7.371540
4.552220
3.897610
4.383660
32.760700
33.091500
4.207260
50.913900
4.638380
6.763500
8.845350
20.941800
6.395450
5.037670
45.666500
3.828580
4.493730
5.895700
27.360600
4.446270
4.231780
21.605700
4.904340
10.788400
6.820010
12.727100
42.661100
13.324800
12.254900
4.201040
3.948350
6.505580
4.817240
3.890220
4.101970
16.895900
20.826700
101.258000
44.746200
4.023910
47.896200
18.806200
4.054670
3.918700
6.785030
28.610500
3.894720
3.898380
4.627380
11.632200
5.017670
4.410600
4.233260
5.254270
4.929220
14.686000
3.903540
21.297200
52.257900
3.845170
3.913500
30.876100
4.185780
9.176520
4.644670
131.983000
5.888780
3.946420
3.896740
13.971600
3.914810
3.852370
3.931380
14.709600
25.023200
23.698000
32.209700
4.404040
4.931680
8.403270
10.089800
4.243460
19.635700
4.643920
45.882400
4.927720
54.091800
3.987590
5.413710
59.163000
122.021000
3.931040
5.871940
11.353900
10.253400
4.088800
33.838600
3.963470
3.982170
24.717900
8.399220
13.867600
4.139690
3.939820
4.871040
3.870030
3.904070
23.230200
6.313430
33.425400
4.990550
11.843000
4.885900
3.981240
4.805900
3.993040
24.697500
7.804050
5.724030
81.119600
23.011600
9.584890
4.639450
17.871300
4.153780
4.106710
15.773300
6.898320
3.945170
4.483580
17.358700
27.802500
5.173820
16.774200
8.105040
3.929670
11.209700
26.235000
3.899260
4.469860
4.074400
36.429100
4.269040
16.437100
17.973800
16.759600
3.934170
3.909500
23.287200
4.427170
21.845700
3.834060
3.955580
9.949100
4.788950
9.713060
19.034400
12.954200
136.780000
15.014100
4.940760
14.932100
3.918350
4.368520
21.975600
4.350320
39.163700
3.984830
20.194800
11.684000
4.573260
15.750400
4.033690
5.981100
20.526000
4.514850
60.355700
13.261200
4.188250
3.962340
5.959310
16.536500
33.227100
3.931990
3.927850
4.014070
30.975400
11.319200
4.606340
5.344040
15.942600
23.534200
10.498800
7.694330
38.599600
4.067640
19.825700
9.133180
3.909780
4.749330
3.956200
42.009100
4.682600
3.955680
3.925520
45.450700
11.645600
5.970670
3.962700
5.197280
4.045090
29.737000
7.653570
4.025800
5.141090
6.122880
37.874000
5.188800
20.452500
5.964480
19.591600
4.248230
10.500600
5.298950
4.313490
23.113900
12.888200
8.659020
14.372500
6.145390
4.355670
27.758800
3.913660
14.855100
4.643890
4.303310
3.911880
9.736090
32.023300
4.090120
8.504130
3.944040
4.395950
4.547240
3.894030
16.406300
14.229500
9.858080
19.159900
11.548400
10.996200
3.948180
8.559700
4.137790
3.940790
3.923050
3.921690
4.146930
4.143790
3.939440
3.999260
3.851220
4.661570
5.310970
38.205400
4.021700
4.192020
6.216070
4.315720
5.982460
4.010040
13.822700
10.907400
8.866760
21.379200
4.158610
3.967930
20.919600
6.454970
4.213730
3.922180
4.225690
4.163340
29.691400
28.509100
3.961220
4.052260
5.091760
20.325000
3.967830
37.469300
6.075170
3.791210
67.858100
20.257900
4.856430
104.701000
11.339700
7.762920
39.614400
4.377750
26.700100
19.254500
4.079640
11.053400
4.730500
3.911800
44.397400
31.134700
4.618190
3.986790
3.856400
11.025400
14.981800
8.691390
4.457230
3.865880
3.889730
7.298270
68.196800
3.951310
5.335760
3.885600
125.842000
5.001330
5.683240
59.228600
10.567600
53.776100
7.681410
47.235400
16.715400
4.366850
5.360030
23.914700
27.067400
4.539320
3.968720
5.812890
4.512870
3.793040
35.116100
15.720600
46.131500
5.384980
8.430570
5.549410
3.843780
4.060550
3.887280
14.123800
6.632310
12.539400
23.694900
9.169720
4.001380
4.028280
3.921770
9.780360
4.830330
12.957700
6.159170
5.566270
5.019450
6.177740
5.473760
15.501100
3.918490
157.689000
3.945590
5.344570
3.918720
4.645150
4.633160
45.348800
4.214020
46.716000
5.636900
17.753800
3.975600
3.944590
25.557100
60.006200
61.745400
6.758790
9.200540
6.644230
4.158450
21.287100
4.211730
4.479340
11.135800
21.722300
19.112500
12.303700
5.007870
3.974860
4.166810
26.670500
4.136710
15.579500
3.905940
12.547000
3.928760
83.598800
23.263800
3.971590
4.090170
68.416100
24.175400
42.664200
4.134120
29.229700
7.021000
47.640500
4.054720
41.685300
3.928120
5.207150
15.073700
5.749530
104.262000
20.438700
92.313700
4.008310
19.949300
3.972230
3.967470
4.104720
40.584800
4.650690
4.572310
3.950160
8.677360
3.969020
40.540700
4.033780
33.900800
12.094100
5.308660
3.995470
3.949110
15.443100
47.208200
3.900200
12.133800
3.902070
3.932180
4.020650
16.295400
13.077700
4.102830
9.001600
7.480380
3.940780
7.153410
4.101270
45.910800
7.774240
80.822000
28.021200
19.900800
19.037900
4.117040
16.440300
3.863960
4.912700
3.932240
4.052640
3.994730
76.463900
4.087090
9.420580
20.907200
31.449200
4.204920
42.064600
58.722600
18.569400
16.138900
5.048000
4.883960
36.660400
13.294500
20.723800
12.521000
3.950640
7.700380
4.919330
30.862200
4.254030
