10.392900
31.047600
4.283570
5.946540
30.416900
6.793840
7.596870
4.272260
43.968500
7.517160
4.285280
24.348000
76.048200
4.512780
6.791350
5.804240
16.233400
5.115620
6.392370
12.086700
29.967200
4.226730
5.285570
4.037200
91.848200
9.829270
5.044190
5.768890
5.941650
45.343600
4.184570
47.830600
14.111700
7.346700
9.615520
48.806800
5.507200
4.135650
18.185200
17.544000
14.456900
7.045780
34.449300
49.064300
4.069880
25.202800
7.366740
24.450400
9.123320
5.287800
34.766500
19.596900
13.743900
6.563220
13.681200
4.574080
19.369000
4.856370
60.453800
9.589530
5.817080
18.093600
6.821120
17.566600
4.577740
5.020660
14.719100
8.293090
10.221800
42.882500
23.700600
5.611400
75.773500
8.584600
9.952050
46.448600
6.980600
4.929040
58.397800
62.005500
8.040500
13.492500
5.318320
17.946300
24.845800
54.407300
10.682400
45.471500
8.600890
4.304580
25.097400
8.775220
30.366300
20.052300
22.327600
5.316920
21.007300
61.183300
5.191730
4.417410
4.666240
72.133700
5.985270
47.216600
6.880240
6.713960
18.183600
4.744080
58.645100
18.936000
14.231200
4.148900
16.825700
6.812760
4.326020
8.184730
23.071900
6.214500
19.570000
43.555500
19.919800
20.846300
10.468400
11.809300
5.257910
13.475500
7.690450
8.852940
6.353830
45.137400
4.977890
10.458800
45.061100
6.149090
10.928200
37.692600
88.879800
6.138890
13.825900
22.281200
8.703410
29.068700
14.185300
5.239830
59.382100
67.346200
12.399300
4.653920
21.499000
4.242580
5.038860
48.667200
17.674600
4.395120
37.696400
4.930540
39.427900
4.870350
4.174670
106.452000
9.933370
90.957400
4.121970
5.353410
20.715100
8.506380
11.011900
16.280600
4.513180
34.557000
8.590280
32.103900
41.259800
206.053000
66.352400
12.647400
16.059800
9.401790
11.548400
14.502700
20.784900
64.636500
29.587800
5.132060
14.076500
9.188820
39.671800
6.554170
10.833100
6.637820
9.152160
8.597190
7.079560
8.708520
4.382860
11.811600
18.358800
7.827160
8.257060
4.199720
5.138540
5.516610
4.377340
9.171020
4.159260
140.400000
11.204100
7.438850
52.336600
16.515700
15.806600
5.861880
41.093300
7.811410
7.034290
7.242710
4.580310
8.391050
24.445800
73.468400
5.565030
4.670230
37.343100
4.051480
13.280800
4.190800
4.294140
32.957800
32.549000
6.471910
4.329500
42.362100
7.272860
65.947400
51.915700
19.267600
10.932100
26.455800
6.110000
4.710840
41.692700
29.969700
23.201100
17.220500
15.922300
4.038040
23.449400
5.416380
4.664380
4.285710
49.864900
19.296900
7.571710
7.227010
37.456200
19.715000
35.658200
4.556830
24.641500
67.156200
4.396400
67.344000
7.108280
40.455200
4.354600
43.681000
34.293500
8.393960
27.214500
7.993030
6.574930
4.610020
5.038480
5.550740
23.542500
4.597770
4.211590
77.782000
24.736500
17.121600
14.899700
29.608700
6.417150
18.748900
17.436300
34.364800
49.029100
17.995000
11.039000
27.999600
80.308800
3.920620
4.771250
67.314400
34.022000
21.100900
10.529700
6.860380
19.310400
10.317400
7.503890
18.543600
6.048740
25.872500
15.060800
4.103220
6.751580
97.972400
53.183500
29.288200
10.694500
5.519390
4.145940
37.638400
11.997300
29.195800
25.847700
4.829350
5.944150
10.280200
26.268700
4.915510
6.210670
9.848950
20.500500
4.220380
32.125000
5.269600
11.381700
42.104500
31.210000
4.365890
4.283790
19.793100
4.722650
4.794860
6.259400
5.578380
6.142170
4.126030
6.678830
4.215770
4.421150
4.983230
32.902200
6.079760
4.178280
20.481200
12.725000
6.939940
9.895620
42.965300
4.425570
6.994000
189.666000
25.067000
8.047830
5.884630
21.161000
36.790700
64.234100
4.864260
12.381700
15.394100
32.269500
55.445100
20.341400
4.355710
19.734500
18.495400
20.869200
8.274760
23.285100
54.180100
56.994300
62.114700
15.177500
5.366430
12.866800
15.703400
9.154470
7.037170
16.219100
49.566500
4.248140
4.220480
7.251890
5.426970
4.272800
6.024940
5.688980
6.573530
4.087920
11.698700
5.383520
6.858100
34.350700
6.191330
29.908200
4.365130
7.343850
6.732120
6.573010
4.370670
11.109900
30.580800
4.157640
55.263500
29.017300
22.154200
53.011100
5.158110
75.465000
56.055500
49.274800
9.123950
9.447230
8.679890
5.752620
4.161990
73.144900
32.580000
30.639700
19.984800
28.580600
9.237730
10.286000
4.435660
62.997000
71.745300
32.574800
4.186860
4.449760
59.559000
34.312800
42.068100
8.319670
9.632270
27.995600
4.348890
52.019100
8.095430
6.792940
81.722800
17.100400
8.329250
4.979750
11.768800
23.486000
3.936740
23.151900
16.324500
4.886520
13.601700
20.784600
16.820300
23.462400
7.599330
20.281900
7.039500
55.439700
21.620600
40.536600
14.063300
21.750600
40.926200
25.730900
17.968900
4.142980
18.487200
6.566200
34.123800
17.941500
5.705010
4.232650
15.375500
51.257400
81.793700
18.773700
64.191900
24.158900
4.175030
13.261600
30.751800
13.885300
20.299500
4.005010
55.618800
10.060800
6.141500
5.992760
4.668290
26.285400
85.775600
4.203930
53.785000
6.253270
4.782040
5.767240
4.139170
4.304700
5.872290
43.426400
6.288570
35.925000
25.572700
4.423110
57.159000
6.480310
4.300980
57.786300
24.193400
9.228880
5.798300
12.610000
19.425100
28.082600
11.504800
4.901260
14.129700
5.761910
6.432910
12.699500
14.164000
22.776400
5.042230
4.279600
18.845400
4.963430
18.648300
4.404180
4.877360
103.917000
8.231750
14.350600
8.036430
114.603000
9.469140
17.660500
7.806510
5.563470
7.702920
17.304800
28.731600
13.636600
64.599400
4.723940
5.336130
9.266040
22.946600
7.490790
35.817900
28.425100
23.899000
4.094900
15.217500
21.236600
7.377330
11.811200
28.522600
4.233530
4.675670
8.614770
10.894700
9.472420
54.972600
64.351300
58.506500
4.081600
4.155780
28.415400
35.814400
43.691300
21.732100
16.384400
5.782740
16.823000
16.430200
24.680700
4.130850
13.521800
53.701200
6.737020
6.192850
38.249900
5.719510
25.794400
3.892360
15.300300
3.980770
63.856000
7.086170
14.000400
17.735500
11.315300
7.060300
20.602800
4.165220
19.504300
30.763800
59.275700
115.666000
5.732870
4.034350
4.194660
57.334400
10.630200
12.262700
22.542500
13.534700
12.666600
28.506100
5.900140
4.364390
58.281300
6.214460
28.386700
14.292900
4.877540
26.315000
6.495010
47.103700
106.307000
87.810400
17.663200
37.725700
6.123660
21.342600
33.476000
25.844700
14.360200
8.029210
7.678190
61.136000
5.790020
17.431600
27.012000
8.070660
57.707700
19.297400
33.740400
77.674500
31.202300
16.606400
40.206200
4.598480
4.925700
4.398610
4.188700
21.079700
26.951200
15.546900
6.485300
4.793500
4.592730
27.516400
11.551200
10.799500
5.707920
23.325300
4.320240
19.697200
7.257010
4.739340
4.682540
16.652800
4.477810
4.230330
5.224370
23.238800
22.285900
7.863600
19.191700
8.773900
7.866240
5.518730
4.878680
62.505500
15.130100
10.372300
13.150500
31.667300
39.602500
9.254800
8.457280
7.211630
20.506500
7.924680
9.505290
5.734660
8.654270
4.555340
20.669800
6.783870
25.128900
45.468500
29.943100
40.169000
3.865580
6.607480
7.372710
60.659800
4.035420
125.633000
4.557210
10.607800
17.405500
29.844300
14.832200
6.405140
58.236100
5.683180
36.158700
7.137080
9.439470
10.258000
28.698400
68.135200
55.769500
5.298440
14.950300
43.327000
21.581200
42.726800
13.234300
16.849100
32.400300
4.858510
8.285100
22.047100
38.786800
15.320300
5.273680
5.391000
9.098960
6.706080
6.558140
21.030500
4.143070
5.498620
6.115260
17.435200
4.335310
23.858900
28.621100
98.771700
10.580700
34.416400
6.046880
5.091480
29.104900
44.590700
4.533870
4.217640
32.690000
15.209900
41.529900
26.775600
5.263380
19.941600
3.997040
25.513000
7.265160
6.278050
4.269990
6.321710
13.164900
5.252690
4.301050
4.166470
5.387470
30.114300
34.782200
18.235000
17.315600
24.392100
14.451200
6.309930
8.239340
41.474500
32.557200
6.239760
101.002000
4.121470
4.006030
4.688190
31.784000
7.467490
10.322700
6.988880
36.256700
21.579500
4.334880
4.854600
4.954850
8.396340
4.032290
9.278840
4.204350
4.593800
10.969300
4.242110
4.437310
6.074460
6.629860
82.643000
9.729140
8.354000
4.546540
29.104600
6.113800
4.526430
10.800200
6.144450
5.374130
17.390700
15.334200
6.874150
23.075300
28.783900
10.083700
4.894570
5.681740
19.216800
21.199500
4.180100
6.870780
4.362170
5.138060
10.512500
13.616800
6.164900
18.485700
28.453900
19.609600
6.206050
7.558250
9.994730
25.164300
14.870500
4.085110
61.995700
44.986900
5.296950
8.578840
75.621200
23.162300
8.776570
50.150400
4.216920
26.276900
8.499570
31.238400
49.128200
9.626650
4.646980
4.771080
7.410620
36.477800
4.478390
6.608170
5.228170
20.323000
7.635210
44.165400
48.352700
4.238700
4.086300
4.058610
55.756200
6.616000
16.499300
25.397300
4.207580
26.347300
16.537700
5.515260
80.581400
15.803300
36.988500
6.107850
28.502500
17.390700
5.712240
6.205980
27.310400
4.854590
7.751560
4.371940
4.410300
8.194340
16.296200
33.281200
4.161890
12.190600
7.400510
5.012650
11.769400
15.799800
4.224590
5.950660
37.223200
5.688060
31.313200
4.738760
6.030570
26.095800
8.785800
5.434660
13.210200
13.231400
18.839300
6.134820
4.415270
5.074710
34.875100
16.266100
25.688300
8.734360
7.100270
5.906280
8.316260
4.312790
75.971900
5.677280
4.958780
8.514020
92.426800
4.204600
70.114000
4.195560
29.819300
5.453650
79.555600
6.606500
4.145420
9.242200
6.492890
41.089000
134.447000
40.843100
37.869200
4.261840
45.005500
4.286640
8.476660
34.274300
13.691100
31.072200
6.249430
10.132200
4.868260
6.197910
75.100300
85.855500
17.353300
29.401700
4.438800
12.540600
7.419790
20.608600
35.360800
114.838000
26.310200
14.165900
6.119900
9.336090
12.321800
42.063000
13.325900
6.858870
8.007420
27.245600
4.353860
6.165210
9.455300
83.848900
37.967800
102.640000
38.823700
4.051920
4.214890
21.916400
47.032900
4.371560
12.751500
12.484900
19.662200
28.922700
29.175100
21.831700
6.483550
46.895700
18.262700
8.678880
6.168930
41.440300
11.410400
6.409560
32.464800
5.572180
4.496550
18.290700
4.206680
4.329340
4.356280
4.159160
15.981800
9.539330
12.351300
32.094300
5.340310
8.474740
6.074670
55.489400
42.040900
4.153850
10.579100
6.895070
15.150800
22.406200
29.265700
6.086910
39.237600
13.770300
4.146140
5.615390
11.275600
26.161700
5.508940
15.909200
12.851300
11.919000
7.035000
46.350400
4.124610
5.499480
66.662500
22.031900
14.039200
10.558700
12.085200
7.686600
43.701000
5.125150
19.622100
47.977700
4.121810
6.754360
8.702370
6.026600
44.936400
4.899560
14.448000
6.994110
5.856010
5.404100
6.144890
52.357000
5.068650
15.427000
4.409210
11.072900
53.150800
5.103000
5.202070
5.107130
18.187400
6.065280
5.264370
10.348600
7.524610
6.772360
12.931100
4.035040
27.678900
4.884210
27.697600
84.841100
22.664300
17.271700
4.164410
19.247200
4.118600
11.890400
4.207350
4.292750
19.353700
5.383650
5.331130
33.906700
14.260000
12.756100
4.506840
13.449000
21.443600
32.522700
4.776550
16.219600
5.128840
31.442700
4.625590
41.939700
13.736400
31.999300
4.861880
5.527630
4.418360
33.846800
10.518900
6.650690
71.798000
13.164700
44.663500
27.809900
90.015800
6.450150
4.089260
4.746500
23.410900
5.458590
4.688840
4.521720
10.044500
7.565940
26.810100
8.228860
4.156580
67.779200
19.960200
32.119500
63.735100
15.450300
29.533400
22.403400
8.646510
5.842420
22.318800
29.247300
24.911300
4.335110
5.384570
30.381400
4.384740
5.237560
48.632000
28.287500
57.285300
7.295900
10.057000
4.264990
11.178000
4.062680
5.795230
32.194800
4.342660
4.007650
4.600640
4.398280
4.967940
4.623490
5.634340
5.078250
4.277310
7.768990
14.266200
18.956500
118.257000
14.527800
57.215800
53.800600
69.702100
62.314600
4.135450
54.879700
74.558500
8.205850
38.603500
15.152100
93.983800
47.520600
35.664300
6.903270
26.328500
4.980130
3.996520
10.512500
5.731540
15.866700
15.237400
15.652700
10.080500
7.657170
88.658400
102.748000
5.626040
4.510600
22.625900
3.872380
13.816600
20.876000
20.893700
11.496900
14.647100
79.743400
17.489300
12.727200
7.130220
28.414600
6.481100
37.066000
20.745100
13.490800
18.888600
8.723070
7.600430
7.585470
6.188950
23.738500
4.136730
7.778290
4.653040
53.379000
44.113700
48.823400
5.041950
4.155640
8.689940
19.969400
19.891300
4.634280
6.447090
9.147420
7.097270
5.770650
5.266860
3.966900
37.038800
5.017130
166.561000
12.486600
41.867800
12.489800
5.395360
9.621520
40.952400
9.515480
21.122400
93.141700
7.072440
13.010300
13.788000
5.281570
26.034100
5.728040
4.438560
42.167200
6.000640
14.778300
39.478200
5.498600
4.201050
5.336020
12.146800
11.384300
8.538240
4.086940
7.677660
24.967200
20.194700
12.071100
13.562500
40.729600
4.564150
4.677970
18.413300
25.736900
6.376190
18.232400
10.509100
5.095860
14.569400
4.852280
51.939900
7.536580
7.487120
10.887700
17.058300
5.872320
5.415810
16.182900
25.293200
9.558210
11.200100
9.056400
6.214100
7.462720
4.198250
19.698400
36.528200
23.970200
21.811200
63.736500
10.260900
10.506000
6.287750
33.407800
6.247020
31.301200
15.048400
46.239300
14.337100
44.445700
52.875300
10.520400
40.450200
35.484500
5.392670
37.096600
26.846100
18.755200
10.736100
4.071350
16.057200
4.779920
34.226700
110.914000
32.320100
26.477100
5.949720
126.415000
15.038700
4.040630
11.312400
59.978000
13.198700
11.387300
9.935480
6.036100
12.834200
222.431000
52.102100
5.633410
4.301970
9.904430
18.164700
4.437310
26.065800
13.405800
5.065330
5.301210
4.224270
19.806600
18.836000
4.493900
4.337940
159.635000
20.851800
6.243350
6.735460
24.917100
15.584700
44.831900
5.144700
22.326500
36.045300
19.418300
108.095000
5.248810
20.189300
6.481100
5.878210
4.040020
3.942090
11.427200
29.802200
4.802360
20.847800
8.359710
12.250000
32.102400
10.995800
58.599800
23.065600
12.233100
43.926300
6.741360
23.463200
4.261070
10.150700
16.673800
6.127910
21.283800
6.269320
6.170640
24.624800
4.332140
6.107940
10.484100
4.241730
83.033300
4.622140
28.553100
4.824090
121.381000
5.041450
19.219000
13.762700
33.406800
9.854970
13.363500
15.778500
26.631300
19.309100
4.402850
7.139090
8.752340
14.778400
16.949300
8.786490
10.702900
15.458500
53.337500
8.727540
26.948600
15.398000
36.641800
48.199300
14.776000
6.888050
5.481800
5.930650
18.717200
23.365800
75.868900
5.265030
14.049400
14.633900
4.129600
4.589230
29.935700
4.908190
9.567220
9.926520
5.645200
5.713050
59.749400
13.122200
8.269570
20.743300
40.866100
4.854580
6.930920
76.016500
19.077600
38.862500
9.778010
50.510700
4.369220
5.511200
12.603000
43.317500
88.370900
6.697900
6.864240
137.701000
87.897900
44.034000
9.863360
75.525300
9.156310
32.300600
13.396800
15.367500
34.509900
11.810800
9.322150
9.699700
9.130730
30.977100
12.876400
27.895500
4.536750
27.488200
6.989850
8.213210
19.498400
4.626000
9.337220
5.833670
4.216730
22.654200
4.349580
14.391400
11.415900
4.675410
11.317300
49.375800
12.963200
46.053400
76.399100
4.251330
8.497640
45.297000
16.869500
12.289300
28.479100
4.003860
8.466220
4.669650
24.253000
8.262180
7.012340
4.204090
4.112010
6.633810
4.208460
4.829930
6.473470
24.394300
13.031500
22.094900
16.897900
4.368770
7.675480
4.943620
21.730600
7.530170
7.031090
8.462730
31.649300
20.227600
4.090720
9.149900
19.416200
4.329710
50.406800
5.317490
13.213100
38.416200
31.119000
7.609200
4.200550
23.497200
15.429400
13.470900
21.394700
20.570800
155.094000
4.109710
11.322600
98.367300
8.155970
21.423200
15.122800
5.082470
15.854700
16.903100
27.259000
6.130580
9.304050
25.480300
6.990410
29.048500
36.759800
41.842600
6.675810
8.781960
16.360500
27.388300
10.799400
3.976040
17.853200
47.317500
56.055400
8.809560
22.325700
34.830500
15.140800
30.710600
4.336790
19.905000
28.086400
10.041300
12.079700
4.287930
7.970510
5.705210
48.236700
28.663300
6.875140
4.612820
13.938800
5.672280
6.469860
4.262470
10.259800
25.267300
21.280500
45.838200
6.600480
85.415000
65.660100
5.021550
40.511000
9.494770
19.966400
16.985600
7.697060
38.262200
10.034800
68.598500
4.190050
29.328500
20.944900
12.817000
7.308940
7.707560
11.318500
5.270800
5.909910
4.685310
5.559260
34.063000
36.211200
44.997400
31.423500
6.112510
45.382600
46.046900
4.162150
17.591500
4.222060
6.695370
108.284000
33.203600
7.276470
8.376300
5.698840
66.020400
6.286150
6.430920
53.214900
6.684550
4.896390
4.046590
4.581560
6.989840
9.748870
5.558620
7.245530
13.846400
8.008340
24.093600
18.468600
5.479880
5.706070
4.173480
10.525000
4.217380
5.046040
3.949420
4.160610
4.720650
16.254400
42.532800
5.250550
8.026340
6.829010
4.163240
10.935600
4.434860
18.884600
5.600270
28.406700
7.900580
20.044400
4.623790
11.016900
78.133100
55.231100
4.163220
10.692500
5.034220
4.846000
6.035010
5.298060
4.254460
13.742000
25.206300
7.969740
16.141500
4.375000
18.873300
27.045800
6.395150
13.431000
11.413600
9.886610
6.324270
5.382020
6.780860
18.129700
16.749900
4.241400
5.733570
5.428670
115.259000
9.590660
4.882020
11.028600
20.115400
4.266230
42.179500
8.371580
5.544750
6.348760
6.318730
4.128780
66.631300
18.021200
9.414650
4.180850
12.610300
16.257400
20.802600
25.285700
16.622800
7.595650
23.099800
12.066500
4.071840
4.419680
23.231400
4.210450
9.853770
18.237300
32.408800
5.808840
5.157660
54.494300
6.019200
21.792300
4.074200
8.295270
10.921800
6.842760
15.012000
4.361730
44.637600
15.841100
4.037930
4.077270
9.848070
6.003800
62.356900
8.639020
4.559120
23.790600
13.270100
12.311700
24.978300
6.402590
6.962450
5.563480
6.182590
13.561100
4.519440
19.425800
5.026060
23.865700
6.294940
8.342210
13.994000
27.415800
51.956400
21.717400
11.717500
5.319370
29.853400
5.600740
4.954970
11.565300
9.705560
11.518100
49.205700
20.899200
19.438400
51.888900
4.152030
4.887480
6.331090
10.661100
7.312830
6.752090
16.301400
9.646980
7.814240
17.442800
135.548000
13.319300
7.131330
24.816800
7.576830
10.393700
4.091370
5.332050
10.819800
17.389900
18.896600
6.700290
4.658670
8.103970
6.271710
7.605260
11.925700
3.940490
33.625000
9.828130
98.387400
4.959220
35.825200
5.995320
14.793500
6.967550
25.798300
5.300620
6.040800
8.712260
12.864100
6.514340
42.103000
54.402000
32.033400
5.343480
6.810790
8.705880
3.994110
15.598800
19.247200
5.070510
4.112590
23.181700
5.990690
5.951300
6.500440
7.985030
9.804860
23.246300
8.652340
25.452100
18.068100
36.073700
111.876000
3.852610
15.923900
6.980040
5.004740
5.555320
7.457130
4.488030
17.230200
73.921300
8.396420
57.474200
12.877600
44.223500
4.258070
6.811150
6.962200
17.008800
163.014000
23.027300
82.975400
118.436000
5.525960
43.560700
4.348460
44.509300
6.951110
5.925290
110.516000
28.720500
13.752300
4.581420
4.362130
18.657300
7.725510
5.751430
26.024400
7.602210
7.464090
21.652200
45.895400
25.637200
6.287970
22.440200
22.099500
7.334620
63.044700
25.994900
5.424590
5.685890
9.775500
25.763000
4.101830
34.183600
4.174370
6.486720
49.634600
5.178620
49.011600
7.723640
22.365500
10.459300
13.055100
4.549900
42.688400
5.361780
12.467600
80.617200
11.743400
19.457100
5.012190
36.921300
5.077990
4.503090
4.224970
4.564830
23.130700
16.747100
16.620800
4.394440
4.119220
30.212800
38.767500
18.110900
7.406570
64.957500
12.517100
25.037700
136.098000
53.507500
4.663790
8.074440
4.214770
5.298710
6.943040
51.045200
7.035250
8.691350
14.476100
5.158150
13.208400
7.097750
4.111880
38.416000
11.364300
9.868950
9.140670
43.142200
24.474000
43.445100
10.944500
78.426300
42.420600
6.065910
4.412280
18.758800
18.572400
29.433000
78.097400
15.828400
4.508280
17.854000
13.345300
4.176590
8.474150
4.543500
6.067900
13.309400
8.920350
55.294200
12.693000
19.248000
38.941500
5.278840
60.257500
52.409200
9.124820
34.218400
65.838400
42.116900
41.363400
25.080100
13.093300
4.279840
4.402040
27.467900
13.221400
9.521180
5.425810
14.974000
33.428900
12.452800
5.667420
12.501600
4.511890
15.336400
43.471600
6.430800
7.255040
24.006900
6.791030
25.442400
13.771000
13.788200
4.217200
6.584880
4.188550
6.457080
5.132660
27.556700
4.255540
24.469900
33.834700
41.130800
6.802610
36.914100
18.467400
7.296180
23.296000
4.135840
25.029200
6.720820
25.737400
5.268870
4.074050
5.792620
5.697910
4.326950
29.546700
18.052900
23.358300
33.353800
4.790240
26.778300
16.422900
23.874300
6.825140
4.198680
7.252570
5.731810
14.278500
40.623400
18.894700
6.654830
9.194950
24.881200
5.547880
27.572200
34.051800
31.643100
7.851140
26.258300
5.458180
23.210800
5.919860
23.799800
33.986900
18.212100
5.323870
5.699960
16.357900
32.191800
23.839400
142.538000
8.652450
4.403190
14.005700
16.425400
16.001200
5.594750
22.151900
19.864100
12.264900
6.584700
4.273870
10.741700
46.516400
14.467500
4.208480
6.049400
6.340020
11.254300
4.137040
14.553200
5.947240
4.674320
101.864000
70.837300
16.497900
29.464200
4.369440
9.592550
6.423510
12.119100
4.610880
4.086650
4.375520
33.115100
14.170300
10.419600
17.661500
9.686100
7.352590
4.685050
8.025570
35.879500
6.602990
94.023100
9.308280
6.395600
22.283100
27.635600
39.292400
