63.812900
102.982000
99.722100
4.606540
5.191850
13.336200
8.491490
5.525630
10.119600
6.958720
12.568300
13.010500
36.320700
5.157990
26.555100
8.212560
83.563800
5.709020
11.871600
22.395900
5.546040
12.912400
10.956100
27.232300
4.930120
11.318300
8.328990
36.213000
15.714700
10.929500
57.596900
10.658200
91.665700
44.874100
7.198950
9.996850
9.205870
10.018900
26.060300
11.591600
15.250200
9.821400
38.778700
4.469000
52.569100
7.800700
20.599800
5.358910
26.853000
10.420900
11.159400
55.443800
5.150290
24.690700
23.220400
14.311600
16.938900
73.870200
15.044200
79.723400
11.939700
37.284400
12.554800
17.062000
6.211200
21.444700
31.178800
45.619200
4.700140
9.512370
23.085600
6.936450
13.864200
26.045400
32.577300
5.073950
5.353650
63.903400
35.995600
34.139700
5.836140
102.376000
4.256300
25.608600
37.815800
7.210960
33.603500
24.933700
23.968300
4.749880
6.345710
14.161600
16.163400
5.119480
8.190960
8.094580
27.015800
40.171500
4.849160
63.705800
70.776300
12.508200
68.876300
21.867700
46.236600
5.069240
10.670800
27.986100
34.928300
16.381900
39.148800
9.712840
43.499000
16.394000
49.623500
6.023470
94.817100
7.200360
38.637000
13.975500
19.797400
6.628100
6.554430
16.281900
38.342000
81.987400
23.540600
37.157600
14.503800
81.450800
7.194170
95.204900
52.425300
17.550200
16.859000
11.911100
20.280500
12.863900
7.555390
7.655810
5.683660
103.003000
43.389600
24.819600
19.552500
5.226810
9.454240
5.638210
19.475400
25.125100
24.795500
25.450500
56.404100
45.446700
30.389000
4.853120
118.114000
8.396070
23.903300
7.644750
24.957200
4.635360
8.997040
16.469100
7.748680
10.542900
20.830700
5.887060
5.883640
6.587460
110.257000
6.523240
6.439150
4.857260
12.177700
25.340500
82.863100
10.442900
17.256600
4.288970
21.994900
32.190800
8.580130
8.969000
13.078100
4.799520
6.111320
11.197800
17.875300
9.679070
25.385500
6.480470
114.903000
8.409360
5.502640
11.713100
5.499850
18.153100
12.416300
81.952300
9.143170
5.864900
5.184510
90.551500
27.803800
26.106700
6.466550
12.008300
53.752500
65.027000
61.861200
36.977000
7.868710
6.884000
12.750800
8.050650
40.515700
20.785600
4.572950
6.708200
7.436820
7.241390
7.487340
63.228100
6.783230
12.391200
5.536760
19.238500
23.719700
120.780000
73.388000
4.809940
12.195000
5.156020
35.286600
59.535400
12.971100
21.578100
29.092500
106.189000
24.814200
14.347700
6.607840
22.572300
21.912700
19.380800
10.422000
10.185700
93.595800
26.541900
75.877100
7.688500
30.495400
12.705600
7.685090
91.333500
11.565600
17.843400
4.485370
6.672040
17.470000
10.316300
7.164750
52.067000
26.732600
44.548300
11.756500
67.944400
27.121900
22.407900
6.437430
15.954700
17.378900
5.149260
48.072800
49.084700
20.578600
5.696540
27.686700
4.943170
12.881600
22.689300
4.829340
44.718600
4.680500
148.549000
8.576430
29.099000
43.114400
5.764830
9.510020
22.215600
5.120250
100.633000
13.643200
5.014290
18.657100
10.269000
17.713800
74.434300
5.825360
27.449100
27.084300
71.999600
6.648050
11.228000
15.504800
14.703400
5.367980
15.065000
4.429320
24.599600
32.329900
119.196000
4.737250
16.041300
26.091400
20.619500
33.121300
36.131600
7.059110
9.199280
7.351080
6.475680
9.112570
27.611600
24.917700
4.757000
73.620100
13.605100
24.141700
4.944480
14.771200
60.383500
24.645300
22.222300
5.666730
14.711300
109.441000
7.764050
12.463400
33.156400
26.264100
4.853980
51.684100
7.856030
5.770250
11.467100
4.860730
66.780400
25.616700
30.105400
8.183200
6.230940
15.153200
5.234400
17.614300
5.236640
5.312000
5.421830
16.016500
13.907600
5.250130
66.965000
7.877990
4.830220
22.433700
7.431820
18.559300
7.537760
92.946400
47.320500
101.121000
20.781400
50.748000
6.022950
4.888680
12.548800
8.443190
40.585100
25.197900
8.213820
19.188900
5.635890
20.692000
5.178390
5.598860
10.383300
9.864660
13.063600
8.838400
8.506470
44.551500
23.470100
58.006900
10.910300
8.891170
15.047400
10.232200
5.061180
19.754400
6.175550
25.330800
11.140200
6.547550
10.201000
4.985860
37.446600
6.969540
19.872100
53.968400
8.420260
227.436000
53.804600
10.413200
52.719500
52.916000
41.829100
8.360900
15.072700
54.787000
7.320350
46.035000
35.370600
23.631200
31.190600
11.648200
6.111290
92.443100
49.414900
4.726130
47.160600
42.524700
60.597500
7.337660
12.690500
12.363700
11.810000
69.321300
10.656300
11.125700
135.384000
16.260500
30.537900
21.964200
7.663670
29.377200
9.829400
61.955400
37.317400
163.060000
5.263180
8.823480
16.183400
5.266340
20.567500
7.016240
14.494000
12.415000
4.603450
17.457000
17.780100
29.953800
43.037900
13.245100
26.661100
15.274700
10.887100
20.554800
4.724970
13.012700
6.601380
18.116900
28.929000
4.926670
28.624600
16.083400
28.518800
49.207700
11.498900
14.768900
5.047810
35.300300
119.928000
35.780400
33.220900
28.101800
6.781990
11.290000
56.380100
30.946900
12.837500
6.934670
22.945800
13.975900
10.707200
158.320000
13.985700
14.598500
5.445550
104.158000
42.624600
34.958300
12.729100
17.710800
22.679500
6.292870
39.449100
14.596200
5.051480
8.261510
19.152900
15.977500
12.241000
13.429800
5.213850
6.701610
5.059200
116.999000
25.834400
20.032900
35.618100
185.027000
7.083000
21.442000
5.464280
11.114200
7.850990
56.490500
7.256470
24.306300
19.207200
20.176900
34.426400
23.014900
12.195400
18.153700
8.353300
11.043400
11.662200
20.684600
16.485900
20.533400
43.970000
17.503700
19.685500
24.015100
26.792300
10.936200
14.916700
19.816800
9.983540
12.681100
20.542600
23.800000
52.275800
77.335300
84.841200
7.355940
20.441200
15.914200
133.487000
26.180800
94.589100
4.391010
20.633500
16.229500
25.570700
7.417220
17.791100
7.716320
28.931400
51.646700
39.593800
5.691920
6.525770
20.966400
11.370300
10.875200
11.509800
22.842700
16.299300
12.444100
11.034000
37.460200
19.157400
24.176300
41.429400
15.350600
48.109900
32.363100
6.494930
6.527110
7.729320
20.601400
19.705800
28.191800
21.983000
4.788030
11.233400
4.256650
21.523800
4.788320
7.145890
130.437000
43.870500
5.493430
72.316300
64.293500
145.566000
26.701900
11.290000
4.693230
13.001300
119.264000
5.889970
9.069540
5.583730
22.754500
19.492800
35.174300
49.074400
9.623740
9.122160
10.174200
56.827500
17.348100
22.365200
69.670300
10.725900
27.333500
35.696800
10.242700
11.615000
6.802150
7.631280
87.869500
18.287400
63.668700
24.115600
8.140290
10.425800
6.175740
16.279100
97.131700
18.669800
37.302100
14.827400
5.217170
27.435100
19.788300
5.068200
6.110840
5.773570
26.380200
25.078600
7.060380
38.102500
180.296000
8.555940
9.703210
31.922900
27.968700
10.250300
14.895500
21.931200
16.995000
30.255800
8.055620
45.049500
6.633750
18.333300
11.468200
6.777630
8.261440
4.802060
5.931690
91.991300
29.754400
6.435500
34.225400
20.831100
7.955710
11.249800
17.532800
11.544900
18.620600
6.285660
32.004900
20.767600
6.135030
7.123400
4.857130
5.963460
5.349770
17.065900
10.554900
35.812700
13.721800
47.488400
47.167000
15.017100
24.060500
61.910100
23.843600
117.108000
4.056440
5.894260
17.153900
18.551000
10.218800
118.391000
46.917100
10.049000
127.179000
6.402120
50.814300
4.626020
80.652300
31.904600
7.982040
6.836210
4.590090
39.101500
12.562300
7.822960
9.566940
6.515820
29.872900
30.538600
4.787360
13.313000
6.279280
13.857700
11.088400
4.667370
9.988630
12.460000
6.415360
14.788800
53.756300
4.899380
19.437700
15.880400
16.878000
75.358300
50.005100
33.253600
6.590700
7.536650
9.698380
4.805630
19.986500
8.713550
28.980500
31.159900
35.254400
6.238200
12.936800
6.950500
8.297480
26.533600
50.279000
5.653120
19.341800
4.195490
16.212000
6.900670
13.587300
52.222500
35.379600
105.211000
4.510840
14.074400
10.660400
112.565000
13.012000
38.106800
117.957000
32.952600
20.892300
16.406400
24.563500
79.018100
24.116300
5.209810
4.844200
16.940500
63.794000
7.150830
15.003400
6.294460
16.300800
33.564100
7.070410
39.782400
50.104400
15.651800
27.165900
8.617700
6.954930
56.076300
4.664560
4.500540
132.780000
26.406100
5.278360
94.912000
5.911390
60.955400
21.376900
6.697290
35.011400
7.640930
9.712020
16.566600
47.319700
17.385000
8.160210
8.610460
11.880700
22.114800
73.470600
4.678660
9.065380
13.213400
128.189000
35.356100
5.933150
4.410540
12.827900
39.593300
17.319700
30.358100
19.860600
6.618430
10.505400
12.865100
21.497000
8.769760
7.184030
113.700000
6.823380
19.348300
6.238950
47.123500
37.668200
6.547380
16.670200
6.018270
42.473100
38.581200
14.264400
36.613600
10.420600
66.296600
19.233200
30.218800
24.975400
5.946650
21.325500
33.161200
17.297800
4.936570
4.754010
15.066000
19.004900
7.703730
19.501400
43.488700
32.931300
27.201300
42.953500
7.315580
7.405160
15.576300
6.064460
39.313100
22.014800
20.893000
5.147460
21.433000
5.182340
46.889700
37.827400
33.453400
9.918500
21.298400
22.374300
32.706800
10.129000
33.581300
9.954830
17.832700
13.905500
7.332720
7.819130
28.508200
16.379900
40.673000
12.903800
14.103400
6.560450
6.987410
6.678110
8.222060
84.307100
7.266180
7.681310
8.837860
4.817970
13.729100
12.303600
11.919200
15.171300
31.329700
4.585490
16.526200
20.834900
9.287870
12.662100
7.306910
19.900000
19.958300
9.450320
30.440500
6.405270
11.184400
5.384720
22.156700
25.917100
6.292530
19.239800
5.638970
32.622000
168.809000
33.005800
24.812400
7.647270
14.657800
34.946700
4.017860
64.763200
4.099030
27.683000
10.891000
7.016140
30.002000
7.322820
25.805000
4.598540
5.012990
11.437900
9.322700
48.833800
24.845200
12.685700
22.795400
10.461100
7.743020
18.659800
10.339400
4.803690
9.313470
8.280530
9.343980
30.611700
20.254500
71.991400
40.288800
46.864700
10.475500
15.884900
14.074300
54.831000
8.113310
6.633970
36.018100
5.040100
10.540600
7.485610
9.250990
27.935100
6.892070
14.846800
20.393200
29.389000
10.528500
132.018000
5.661930
30.489900
27.374400
49.524200
46.936200
26.582500
11.347000
9.496250
13.952500
21.750400
50.003700
14.683500
19.399800
17.245700
10.093400
19.725300
16.048000
65.704900
23.709700
13.992800
33.821800
22.596400
12.866300
13.057400
6.218210
17.435700
23.652100
23.127900
5.978760
30.893800
4.523090
5.695070
15.072500
6.138650
20.000800
18.118500
33.859400
6.250980
38.838300
19.640300
4.972090
5.792400
5.348210
65.399100
24.442700
13.703100
67.250000
5.428570
57.428100
9.594910
70.358800
10.891200
30.476000
7.969700
36.413800
57.464300
65.896000
14.545200
57.900600
17.349800
59.515900
5.519580
7.168960
5.514600
9.770090
87.015500
27.214200
13.625700
22.139200
19.997900
29.903900
7.910520
8.042870
21.300400
35.665300
8.439530
4.610490
45.044000
7.808950
4.855520
5.080640
45.626900
5.624030
33.624100
6.653150
47.280200
32.656100
19.219900
5.365700
4.656170
39.557500
45.673300
17.473800
43.791100
78.745800
15.772200
60.550100
12.607700
42.048000
37.253200
25.699900
15.403400
48.272400
4.789240
6.276580
5.091500
9.410230
44.097700
10.306300
9.767860
11.164800
26.752200
10.879500
5.552770
12.459100
32.495300
38.654800
61.372100
23.904600
4.948360
7.770740
6.785270
43.451700
37.877900
36.590800
46.579700
46.474300
6.282160
15.126100
21.626000
9.760890
26.508100
17.385300
4.547330
14.359400
9.295750
15.430300
32.562100
34.690900
5.525960
4.577210
8.502440
6.850130
10.010200
6.848010
113.145000
47.522800
8.668870
21.970900
8.055990
38.870300
10.418000
73.071100
38.618000
42.466100
4.912280
24.393300
24.426000
9.468240
6.861530
4.688280
12.013500
9.606630
6.987930
28.278500
4.396710
11.201000
23.565900
10.974300
17.283400
29.275300
11.660200
16.403800
76.091800
51.207600
7.170350
40.547000
141.304000
5.690710
50.450900
16.676900
9.712100
50.921100
24.363000
38.036200
7.889150
19.472500
14.891900
4.828350
4.110210
5.947870
13.723700
145.080000
12.789400
48.749000
50.157800
16.287000
49.055400
38.359700
15.678200
7.416190
8.735770
15.263300
35.787700
25.855700
31.499400
41.226400
9.857050
4.427020
7.631070
5.003860
9.437840
15.214300
5.858440
34.569400
55.473500
29.444200
5.498940
13.887500
5.067580
9.620340
10.412300
29.209700
16.772500
8.664900
13.353600
33.420700
4.569820
38.398200
11.411800
94.851000
10.275800
9.952600
8.845910
25.877600
44.089800
78.579300
5.494310
7.330890
4.907380
4.726260
4.638410
17.205700
56.775400
7.114100
40.669400
10.246800
101.064000
9.104860
76.830000
8.685280
5.614270
15.873900
26.862500
4.946890
64.803700
41.389100
50.002500
17.540200
11.056900
39.316400
17.843800
18.450600
16.339500
7.000400
40.243000
9.196160
10.738000
10.598900
13.558400
19.821800
20.583200
19.691700
28.885200
7.589570
8.078770
5.981710
13.449600
6.579920
22.118800
6.423430
16.400400
43.271800
23.924300
7.113800
5.117140
24.314200
13.911700
83.013900
13.772400
63.724500
7.610690
119.560000
9.569570
6.913720
4.201260
21.753100
5.557860
19.482500
15.491500
5.781320
5.214050
12.788400
18.275700
43.651100
7.205240
27.963800
11.378500
18.950600
6.086770
22.133100
6.036120
7.981260
13.759600
11.548800
34.006900
9.353840
12.460300
46.268200
4.695580
107.978000
40.003000
5.628820
24.072000
8.133310
43.452500
8.521630
22.865200
69.641200
69.554200
5.049520
24.812000
16.117300
10.276600
34.019400
4.985310
104.658000
4.926540
29.794000
36.812600
10.097700
9.894910
7.373370
15.460000
30.617000
75.676500
12.776300
13.458900
14.860700
28.760800
46.982300
31.545400
13.334200
17.959800
7.669930
5.405330
63.780600
58.410700
33.847100
42.885900
17.297900
31.322900
52.385100
23.986600
15.627900
31.383300
49.728000
25.408500
28.792100
28.896600
59.102500
6.463640
4.446350
6.949770
67.476500
57.845600
9.243670
16.368800
11.118900
30.484200
46.890900
27.147700
24.978700
29.535200
5.566300
27.049600
27.979700
10.886600
28.744900
6.978530
11.718900
94.876200
5.957540
10.740000
11.089600
49.746600
8.869810
64.101900
25.286600
27.876200
10.605400
4.921140
23.103800
68.057200
4.496210
69.399400
22.455300
14.256600
6.562920
6.160800
4.305790
7.482570
13.146700
30.671700
46.167100
30.537600
4.250300
6.640530
10.155800
4.870590
19.260000
63.920500
25.180500
20.463500
23.762000
32.297300
7.646960
31.695500
13.367100
25.052200
28.202900
5.619390
6.066390
4.537930
77.180000
15.235500
131.952000
53.106000
10.303700
36.355600
22.888100
10.594100
6.802850
21.823100
12.853800
4.683360
141.239000
12.882400
18.266600
22.573500
11.271800
35.906600
10.155200
6.807650
13.841900
4.318240
61.558600
30.847100
20.803300
9.567980
5.393150
8.362560
19.816000
9.106900
10.916800
11.295200
33.124600
47.412600
4.815100
30.828300
25.720600
93.520300
42.768600
6.050070
24.085300
5.153700
20.556000
31.660600
19.286200
31.410200
48.945500
10.004600
25.367700
70.368700
22.294500
28.202000
10.765200
15.027900
28.947100
30.924600
6.727680
34.883600
6.364740
49.992400
8.710210
8.314940
11.811500
15.220700
14.451100
41.325300
8.310550
7.001180
47.118000
10.822600
32.831000
7.715450
26.149500
7.836470
12.697600
27.782600
13.169100
90.311800
12.376600
28.406800
10.117800
40.531500
8.978720
26.880400
15.648400
17.130000
50.823900
7.499200
8.421460
11.299000
49.540000
7.163930
21.063200
14.013500
35.595100
6.343240
34.107200
29.817200
9.162580
62.324200
18.267600
10.022300
108.335000
14.382300
10.620600
62.248900
8.628670
30.568000
11.790800
6.985880
14.880400
29.831600
38.816900
32.187000
20.441800
23.053500
17.105500
11.786200
17.228100
9.921090
70.119600
4.988670
7.320150
44.510800
4.498280
7.144960
155.440000
7.067740
10.702200
4.728530
12.255200
22.252500
49.910800
22.423300
27.412200
16.147200
13.773300
39.210400
19.450500
7.532160
62.069900
42.602700
15.539100
11.533600
11.662200
77.742200
13.141900
145.738000
37.527400
34.747800
18.595200
34.888300
35.587000
37.285900
12.210500
4.849760
12.569900
7.576370
18.215500
28.551900
15.399000
4.626710
31.441900
5.535320
5.298650
167.843000
9.849520
6.442980
53.048700
11.996900
6.328100
26.359400
4.983290
14.500300
5.211760
13.004300
7.057740
71.565400
27.656900
6.100150
17.120100
19.145700
17.175500
10.948500
13.092100
22.201100
6.897890
7.885320
4.774930
37.175300
21.991000
8.705100
9.834880
13.963800
4.141400
4.541760
14.503100
16.224000
14.429600
23.657200
10.398400
22.964300
4.344590
13.859100
6.296490
33.636700
6.206530
4.910820
4.819380
24.021900
11.588400
23.269500
6.799200
40.787900
9.888280
31.895200
11.423500
18.770900
5.944510
40.185400
9.109530
4.876890
23.711900
31.080800
57.900700
9.960620
24.720800
4.714610
37.820600
6.732450
4.679410
15.611700
5.455650
4.772450
20.794800
13.696200
30.758300
9.616680
19.494900
9.809710
23.858900
7.919630
18.098100
77.429100
13.771200
4.991340
9.718290
37.737400
9.552260
6.496750
12.443400
4.961620
17.496600
17.361200
12.427600
4.758850
4.845770
9.583710
13.069300
8.925970
35.917100
5.145770
4.924770
5.032960
9.419810
62.834500
21.671900
72.128200
7.901860
26.917500
20.123600
33.650700
6.404520
19.786000
22.167200
28.099300
19.325700
34.615700
50.528600
7.250770
35.088500
4.660100
15.559600
21.652400
4.647940
5.675780
15.396400
13.561200
67.411700
52.580800
68.156900
6.926620
7.689910
4.721150
6.803540
22.369500
19.215400
5.228100
4.663060
9.684140
142.102000
4.588730
16.958800
42.080100
11.745100
63.331500
15.601800
22.657200
9.081010
96.307600
8.681970
9.046700
58.142600
69.820100
28.112600
49.207500
14.965800
20.880100
10.821000
6.510490
29.945900
25.310900
5.779060
22.130100
14.316100
8.386140
7.302490
8.318770
17.526500
41.430600
114.258000
5.896510
4.737840
6.357450
34.430100
24.593000
71.582000
10.472200
19.550800
5.449720
5.306880
28.528800
5.827560
4.615110
9.388090
45.377100
4.799510
11.380700
8.452940
22.816100
23.127600
59.095700
21.159200
18.803900
34.220200
41.486300
7.232240
14.260300
18.388700
5.161410
8.247320
26.261300
7.799650
52.576300
13.259700
20.747500
53.825500
113.250000
6.579740
30.451700
104.923000
40.255000
8.104140
10.600500
13.039600
9.174960
29.941200
41.672000
6.834360
41.938000
15.406000
29.454400
8.876840
64.612300
12.695300
48.245900
28.746700
11.357900
4.348390
8.463030
8.734940
16.456800
20.962900
41.163600
10.289300
5.358920
96.984700
9.555360
6.574410
40.584500
5.454290
30.399600
13.427700
50.595800
4.968540
8.000140
8.698420
42.982500
27.055400
14.133000
38.070700
10.453400
19.262700
7.191070
38.374600
53.848700
5.144060
4.632850
8.134560
56.003300
6.651020
22.350500
35.463700
27.394200
7.873870
85.751300
15.592900
25.111400
15.396600
66.511500
5.441400
42.560500
56.409900
108.960000
34.621700
27.880100
8.814920
54.309500
29.399400
9.903920
76.681800
50.300500
8.711980
23.367300
9.712470
21.804500
21.142500
77.107200
11.931500
7.149850
10.309900
19.481100
16.058100
23.847800
7.983960
30.769700
95.970600
7.419690
48.065000
73.629400
54.276600
19.711500
31.435600
58.746200
27.604800
4.529780
8.072260
38.739600
54.779400
41.001500
12.107500
51.855500
5.213640
12.081000
4.528760
41.676100
5.370750
20.971300
8.924350
16.130800
4.413070
6.064830
5.849460
28.167100
28.643400
5.167230
5.786600
52.894100
7.515370
12.736000
12.215000
16.549900
17.845800
5.744290
56.079500
24.981100
7.171910
5.263710
14.167800
13.004000
21.199900
54.223500
22.966500
6.231280
21.450800
4.914410
42.669600
19.613300
63.288500
29.129100
12.587400
8.037390
103.188000
13.576600
5.229630
79.101800
71.670000
84.432700
5.608580
11.806700
138.674000
25.550800
64.826500
5.880120
30.026900
5.711280
120.038000
5.796450
6.088400
10.971400
63.330600
6.378120
7.023860
4.475830
36.167500
56.813000
10.150100
20.406800
4.707200
27.160800
8.413460
36.099800
4.551630
6.980210
5.049370
19.441800
4.716700
25.768700
14.447100
127.429000
4.500460
45.799500
35.920900
46.203300
11.253800
34.123700
74.451100
59.505900
18.446500
5.115850
128.630000
45.846900
18.902300
25.568100
106.674000
7.017460
12.583000
15.612400
17.387500
64.926800
54.802400
12.653900
5.357650
4.934950
66.208300
29.738500
4.947670
6.530840
15.009800
19.047400
5.898170
5.531080
43.862400
8.345090
23.667000
11.736200
64.142900
21.986200
33.558300
14.170800
6.081950
6.537600
27.111900
25.257900
34.163700
12.395300
9.771390
65.800900
24.794900
5.814520
35.050200
6.581470
15.933200
14.767000
98.130000
17.338700
8.120110
9.383770
8.085010
6.626570
12.621500
35.383200
8.465190
7.396320
12.356000
21.919700
73.559500
34.056000
22.822000
18.909000
10.209700
6.767360
14.702600
13.008200
50.125600
4.699190
45.467900
9.345380
11.684600
13.297900
27.023600
8.072410
50.582100
22.551300
4.859820
62.968000
14.592400
21.256100
35.769500
10.109100
10.913000
8.493130
4.697640
7.115990
14.596700
6.798840
5.227430
18.970300
51.492200
37.761100
16.535000
20.103000
8.250730
16.905900
4.970220
24.857400
26.791800
9.276030
14.227700
27.523500
4.959450
42.200300
21.897500
6.548350
24.549200
4.248400
140.594000
10.973200
42.071500
12.012300
11.569800
16.568800
59.789200
21.785700
4.402970
6.625580
19.390200
10.645400
9.567540
