3.745990
3.968360
5.673070
100.605000
3.754720
3.790250
6.283120
3.840240
3.777000
3.752950
3.764750
3.986780
64.819900
3.746340
3.738610
3.772790
3.803420
3.896130
3.771200
3.789720
4.969280
3.734610
3.845860
6.999200
3.844160
4.092500
3.895300
3.891510
3.873550
38.978100
3.791750
3.755860
65.271100
3.810750
4.080300
3.757990
41.315300
4.153420
3.784500
7.282720
3.846770
3.921850
3.998570
3.735690
3.745660
4.044960
36.809800
3.822510
3.804600
3.870590
12.116600
29.989600
3.826020
3.760190
34.027500
3.829550
4.443870
3.761220
3.765410
3.748490
3.744640
3.997100
21.340300
3.746800
3.772940
9.973490
3.780890
3.762830
4.147090
3.861840
3.732820
5.447600
4.033610
4.695040
61.033700
3.932250
3.738250
4.957310
3.748870
12.645200
4.135980
3.749970
42.826900
3.798150
3.737000
20.843500
4.399870
3.785970
3.782250
7.701410
3.790480
3.933360
3.784520
3.786620
3.943690
3.784720
3.759850
4.033710
9.219950
4.164550
5.554320
3.765960
10.125400
3.755170
3.774020
3.803510
32.606800
8.947340
3.764240
3.893650
4.115890
37.124000
3.830700
3.741940
3.741340
3.760050
7.094200
3.887260
3.752600
3.817440
44.199600
28.899200
33.384700
3.983830
3.749630
90.405400
3.742550
5.213140
3.755910
4.152460
12.027200
3.782810
10.161600
3.821350
3.789380
3.771490
47.467100
82.175600
3.742520
3.733090
3.936100
3.739850
3.769350
3.943160
3.908280
4.029170
3.805400
3.796390
3.778540
4.119590
3.751280
6.087210
4.128480
3.820590
4.993610
3.769910
4.073550
3.827130
3.791380
3.788990
3.793800
3.781950
33.583300
4.756420
3.770780
3.725650
3.786080
3.755360
20.353500
3.908040
3.827880
3.734010
3.806650
3.752800
4.400090
40.128200
3.954990
3.772220
3.846700
3.750990
3.768770
3.837560
3.834670
3.770620
3.736020
5.454890
4.713800
3.757980
3.971420
3.872630
3.784270
3.744580
20.895500
4.207340
3.804190
3.902990
25.200800
4.698890
4.085770
3.758420
3.737000
4.230290
3.788550
4.103490
3.903080
3.812390
3.767720
3.981780
46.386000
3.747000
3.770820
3.757000
3.798890
3.726500
3.735850
6.039110
3.856670
3.766960
3.957900
3.760310
4.000900
3.758000
3.863830
8.351930
3.796810
9.562050
35.424800
3.748480
8.524890
3.781350
7.902590
9.046740
3.764160
4.196260
3.752660
3.816270
4.196190
3.911990
19.399900
3.881760
67.444500
4.262050
4.179330
3.780980
3.739640
3.773940
3.811960
6.881540
3.892420
3.735130
3.861440
3.773100
5.119760
3.735130
3.927310
3.733040
3.758240
6.322260
16.358900
4.609630
32.200100
6.698220
9.332510
3.755250
4.030980
3.752060
3.856520
3.760430
3.972650
3.842590
3.757000
3.763030
3.796870
28.083900
3.759590
3.768840
3.769430
3.961430
3.947860
61.312600
47.571400
3.758300
3.834950
70.530100
3.814090
6.541600
4.457200
3.835770
10.041800
15.310000
7.797080
3.766350
18.153000
4.036780
17.957000
3.756770
94.421200
3.811240
4.837650
3.765450
4.012490
3.839160
16.642900
222.493000
3.821170
3.746660
4.416850
3.775270
4.514960
4.103120
9.368470
11.271600
3.754800
7.968370
12.759800
3.907530
3.766870
3.752930
29.970600
4.071710
4.754600
28.838300
3.746920
3.752660
3.776180
3.824060
3.859620
3.868560
4.008440
3.814400
68.606500
3.782980
3.886220
3.797750
3.800490
3.738390
5.863250
11.713400
4.001950
3.832670
3.755180
3.897640
3.746370
3.823010
3.812790
3.853470
3.762070
3.878610
58.033100
19.036600
3.839390
8.607750
3.984940
3.782280
4.102310
3.748270
4.027470
3.940590
3.746210
16.642000
3.756860
3.735980
4.272540
14.886100
4.228960
3.731740
3.786010
3.820020
3.754710
3.842580
3.864270
19.575800
3.964590
3.761400
8.037060
3.756280
4.624730
3.738180
3.734970
18.732500
25.537300
3.760660
3.758760
4.247350
4.333090
4.912810
4.069460
3.818770
45.917200
12.144800
3.802630
3.760440
3.758530
31.193800
17.710700
4.045870
3.937550
3.761370
3.761470
3.831560
4.001280
12.465700
3.771660
43.238000
29.363400
3.738530
3.822000
5.591610
3.964450
3.760220
3.789210
3.885230
3.829310
3.891870
5.332400
10.941100
3.957350
3.786980
3.800120
3.779420
6.911140
13.259600
3.748610
3.759630
3.779800
3.859600
3.753620
3.791170
7.170400
4.072090
3.740890
3.869100
3.735730
3.793170
3.744000
3.983360
3.765950
8.530830
11.755600
14.395200
8.528070
7.418790
7.116890
27.121500
3.784910
53.137700
4.205640
3.820830
4.013800
3.778380
18.867900
3.958540
3.824630
3.929060
5.414040
6.803230
3.854000
3.763980
3.746210
18.125400
3.795070
3.768820
3.738680
3.981260
3.951810
3.881790
3.943630
3.938490
43.890000
3.855960
4.737660
4.008830
3.772610
4.377710
3.855740
4.124780
3.760510
4.223320
3.852050
4.966400
4.200630
4.004710
3.895360
55.973000
42.260500
3.768960
4.304280
3.836370
3.733920
77.373800
3.745720
3.783010
3.827600
38.979700
14.429900
3.766700
3.845540
3.750260
3.864470
3.822300
3.759680
3.743230
3.760510
50.440100
25.995800
3.736230
80.901300
3.891470
3.884050
3.858760
3.890430
3.779520
4.365610
26.884000
3.845800
4.179710
15.870600
3.792680
11.163100
3.756220
3.782360
3.773730
3.747500
4.063660
3.737000
3.744850
26.277500
9.995100
3.769080
3.796980
4.108150
4.164970
3.847910
3.762830
3.932680
3.772700
4.145840
3.884570
3.796200
3.818240
3.838370
14.279100
3.799290
4.022610
5.977420
3.773910
3.827830
3.782210
3.753230
4.002600
3.890840
3.775160
75.912800
3.822010
3.775810
4.616160
8.800980
3.852350
46.365200
5.687760
4.175240
3.764540
3.766170
3.745850
4.155430
33.946600
3.773070
3.750390
3.831030
3.994990
3.753840
4.812110
3.769330
3.858870
3.788550
10.670000
3.808160
3.758920
3.834600
3.733990
3.921880
6.311370
25.386700
3.759110
35.177500
43.045000
3.781700
4.093210
3.741170
3.935140
3.775130
3.893090
20.962500
4.016130
21.076800
3.823340
3.765510
4.085980
3.730250
3.751210
3.793890
3.767950
3.886140
16.764400
4.193130
4.003790
3.923640
3.750980
3.755070
5.843140
3.913240
3.763840
3.718940
4.167070
3.769560
3.882600
3.915600
3.746850
8.393170
3.769400
3.992310
3.962250
3.773220
3.937660
3.740410
3.766120
3.910000
3.733650
7.627650
9.871500
3.833010
3.748010
4.127740
3.743710
3.755990
3.871630
13.912300
3.775820
13.310100
22.529600
3.951020
27.517700
3.741780
3.865140
33.916000
3.787470
4.503480
3.982420
3.758510
35.840400
3.888140
3.800790
3.877030
3.784440
3.951480
4.049940
3.803720
3.755870
4.433940
38.765700
18.699400
3.767000
3.905720
3.759180
3.776810
4.178290
3.805650
3.773180
3.741620
16.548900
5.034630
3.861980
3.782510
3.766860
4.063800
3.824130
4.301720
3.750570
3.858760
3.834120
4.070830
17.520500
31.755900
3.782020
4.490000
41.360500
3.795600
3.765290
3.752670
3.744240
4.810980
5.693080
3.798230
11.454200
3.841970
3.759760
34.921300
4.014590
4.314260
3.756150
4.424230
66.511300
3.744150
3.741170
3.839930
3.758980
18.432900
3.765610
6.537720
4.281660
3.952770
3.861880
3.738900
65.772600
3.838420
3.734830
12.821300
3.755910
3.723630
3.851740
3.750780
3.735650
4.100500
4.694600
3.769130
3.751740
4.892280
5.367050
3.740070
3.961150
3.831320
3.754280
3.777280
4.276690
4.023620
3.737000
3.934050
4.521130
23.156500
3.832000
27.384700
57.013800
3.792990
3.769030
3.764980
33.962700
4.175860
3.855460
19.970600
3.738860
3.877270
9.316940
3.736830
4.057410
3.756530
3.788020
3.879170
5.194900
3.757000
3.854130
9.533200
56.405000
4.089930
3.758640
3.746320
3.766550
16.595700
26.148500
8.869760
3.814690
3.840640
3.755660
3.770090
4.596670
4.991880
7.706780
3.818790
32.121800
3.976270
3.731030
3.748650
3.770370
3.916920
3.844650
3.761330
3.891450
3.746360
5.703500
3.741720
3.816180
3.776170
13.709900
3.761380
3.760370
3.756660
3.750100
3.939720
4.087730
3.810480
4.002810
3.773320
3.900210
3.766840
4.525830
4.053810
3.743760
3.788740
3.739970
4.924760
3.762310
3.952390
35.127200
11.949800
4.455230
3.814260
3.770410
44.512000
3.783040
3.821060
21.680900
3.770530
3.792930
3.764160
3.749530
3.773050
4.949440
3.777970
5.712560
3.835030
7.508520
3.745080
3.884680
3.803480
3.868000
3.953350
3.754850
4.169530
4.417330
3.754580
3.774840
8.729170
15.288900
3.901570
32.475900
39.447100
3.752010
6.015820
4.296080
37.495100
122.019000
6.713210
3.746710
3.781150
27.651300
3.755980
3.755590
20.419400
3.782250
3.758000
3.777000
3.939130
3.810220
3.761770
3.881380
3.770420
3.966620
3.925730
3.804350
3.758840
3.778290
4.052350
3.780230
3.750230
5.317240
3.810930
17.232500
24.848600
3.760700
14.047500
24.945400
3.791520
4.110490
4.089810
4.212840
30.335400
3.909960
3.876430
3.979460
3.749370
5.032350
3.760240
3.748760
47.001800
3.835120
7.650090
3.772100
3.756690
3.782730
3.894350
3.734250
4.210030
3.768260
3.752170
4.093140
3.796530
3.782170
3.856700
3.742830
3.752430
4.882640
3.766580
4.374540
4.108530
4.061150
3.733610
3.788410
7.452360
3.741040
3.756150
14.029300
3.755480
3.961050
16.649900
3.773570
3.747400
12.561200
4.422540
4.398830
4.615120
7.596340
3.837570
3.756250
3.819550
4.444580
31.385100
3.735070
3.791540
34.645300
3.876630
3.781800
4.915290
3.816820
3.804170
3.759310
5.501250
3.806050
47.892300
3.745090
4.001870
3.753800
3.753270
3.757920
4.585500
10.103600
4.872680
3.764560
3.803580
3.888670
3.805400
3.748800
3.778900
7.565340
3.745660
3.726470
18.908500
20.217800
3.788360
13.153500
3.899690
7.669380
4.458980
3.887440
3.754690
3.910270
3.782940
3.930650
4.640750
3.911180
4.638480
4.075210
5.221760
36.122600
12.529600
3.860980
3.766850
4.067830
3.750530
3.747000
51.137300
3.732270
3.829660
3.964610
4.417600
4.697650
3.755190
3.773840
3.963860
3.791010
3.752350
3.931830
3.772410
6.916810
3.749620
4.031070
3.750730
5.054180
3.838840
3.826800
3.961160
7.619990
7.716440
3.819590
3.838890
4.191420
3.730780
3.762590
3.766640
52.411900
15.148200
4.199150
3.765320
3.832190
11.752400
4.942300
3.925980
22.117500
20.801200
3.765740
3.743120
4.064200
3.805910
18.135800
76.045700
3.752790
4.289440
3.744650
3.974030
4.082050
15.236100
3.998030
3.768100
3.860750
3.774820
9.625560
3.765930
3.763900
3.771780
3.965370
53.625400
3.755390
3.749040
3.764410
3.952950
32.279200
3.857700
6.400850
4.448820
17.846300
5.578100
3.851480
3.829610
4.294920
3.850300
3.922970
3.976440
4.958690
28.051900
4.417480
3.953110
3.823210
4.041710
3.788150
3.849080
3.864940
9.970280
3.748350
3.856920
82.504000
3.768270
3.804530
10.787500
3.890220
20.438800
3.752320
3.832090
4.883480
17.654600
3.759530
3.765050
3.748080
3.756800
4.045090
3.759690
3.773790
34.185600
3.776670
21.804700
13.121100
3.838500
18.743200
3.862270
6.936490
15.777500
31.440500
3.972660
5.069570
3.755110
7.959160
3.841020
3.871710
3.767000
4.346480
3.742550
11.967700
3.742490
3.733960
3.811320
42.055700
3.866310
3.749490
3.760210
3.739430
3.749840
3.730000
3.762220
5.133150
224.008000
4.268480
4.271370
3.833110
3.793290
3.878170
3.753070
3.736180
3.826660
3.817720
5.914770
6.445580
3.848370
3.758770
3.826730
3.760150
4.685730
3.734070
6.897550
3.743260
4.773860
3.792920
3.821920
4.345320
45.735600
3.759850
3.757000
3.754370
4.011440
4.935980
4.109540
5.361430
5.595380
3.801720
3.846430
3.823320
3.898340
4.246000
3.959780
3.737000
3.937740
46.287800
3.737000
26.435500
3.742690
3.743510
3.757000
4.536980
3.781590
3.856630
3.778150
3.760010
3.878520
3.771040
4.010180
3.961110
3.776380
3.761270
3.737000
3.735820
3.747000
7.815360
3.740650
3.804060
3.735680
3.732390
3.800790
3.936710
4.239280
4.072580
3.918330
3.975270
4.154860
3.839460
5.069840
3.751950
3.746180
4.515710
3.915890
3.746330
17.420000
38.824600
3.795350
3.779110
3.743520
4.083790
4.030630
3.760360
4.420030
7.443310
3.845760
3.823060
3.757740
4.033340
4.063650
3.796670
79.352200
27.594100
3.771710
3.970030
4.073400
47.523300
3.740110
3.808470
3.778200
4.111190
4.707130
3.925050
7.271900
4.092280
14.501300
3.751580
3.746620
3.736660
4.450010
3.736800
3.912130
3.928630
3.829430
3.730450
3.834660
3.868660
3.775340
3.740890
3.809140
4.304940
3.757530
27.748600
4.001230
4.009200
3.967500
4.102020
3.778820
3.916950
4.431890
47.944300
3.741490
5.433780
3.791520
48.402900
3.798970
4.315870
3.743580
3.760730
7.678540
3.738900
22.832100
3.837140
22.527700
5.338250
3.768240
3.893240
3.761630
4.056880
97.513100
5.726150
3.751340
3.742710
5.016710
3.781330
3.767580
13.433200
5.298150
5.258980
3.755000
3.858770
3.828880
3.735610
3.763750
13.387200
3.919010
22.831800
3.733880
44.227800
3.758030
3.821470
4.741090
3.741310
3.988950
3.843030
49.087200
29.996300
26.241800
23.678100
3.804440
4.348820
3.756720
3.746940
3.735890
3.748640
3.851570
11.394200
3.820000
4.460910
3.823890
3.761690
4.032130
3.733980
3.745490
3.736240
3.839140
3.916990
6.862850
4.189500
12.661600
4.157470
3.768490
3.912360
3.736750
3.755320
11.711900
3.811900
3.745260
30.262900
4.879550
3.783940
3.792360
3.748660
22.388900
3.772660
3.951270
3.780930
3.735390
3.829610
3.955160
69.291400
3.850080
3.823140
3.886490
30.175700
3.746680
4.618390
3.768470
3.755800
6.010350
4.632510
3.767000
3.847440
3.745590
3.787000
3.774130
4.007220
20.595000
3.768610
3.766960
3.919250
68.554500
73.964300
53.193900
3.882370
3.764120
3.818280
3.868830
3.735060
3.779370
3.937050
3.768080
3.954210
9.464080
3.764560
4.020430
3.809370
4.735850
3.738080
3.899340
3.744410
3.748640
3.771480
3.753560
3.936910
3.791580
3.745970
3.908370
3.771080
4.065750
25.100100
8.732590
4.358170
3.745540
55.179200
3.915360
17.600400
3.807340
3.740810
3.850670
3.848130
3.826090
3.744590
16.749300
3.743090
3.788490
13.400000
3.739510
5.006200
3.814860
152.846000
4.370330
19.472200
109.222000
7.080780
4.478390
4.061450
19.295600
3.832310
3.843060
89.721200
3.752410
71.388900
3.861020
6.591390
6.539540
3.768940
4.639590
3.739390
3.782170
6.788830
3.744450
6.953040
3.910850
7.221120
4.326140
31.861700
35.540000
6.462350
3.842660
3.907010
6.401630
3.786940
4.325030
3.822410
14.930400
3.786370
3.824470
19.965200
3.739610
3.759430
13.317900
4.246850
10.196900
3.823100
3.835640
3.894620
3.769310
3.795110
3.994420
4.068240
3.752440
3.751550
146.158000
3.872740
8.445910
3.779760
6.278220
16.346800
3.735720
3.789150
3.757700
3.913770
3.824540
3.767310
7.509570
4.042190
15.956900
3.780760
3.762320
4.830800
3.746490
3.751450
3.742760
3.760380
3.745260
3.788340
4.156100
15.389800
3.763420
3.841820
3.773320
3.775180
4.586820
3.874270
3.840280
3.778200
3.810390
3.754860
3.903180
4.677020
3.766850
4.256780
3.798110
3.746860
3.869190
4.214330
3.832570
68.681400
3.748490
3.960610
4.316230
3.813860
23.334100
6.114860
3.754880
26.365600
4.135920
14.261700
3.755690
4.050360
3.751480
3.842050
5.596060
4.572530
3.783890
3.796320
3.858880
13.492700
3.849390
3.770570
3.878620
3.743810
3.766890
3.756840
3.751100
3.875820
3.902800
3.759520
3.820590
15.478300
3.969800
4.049280
3.822700
3.769670
3.742590
21.339300
5.701660
3.834640
3.748500
3.848590
3.736950
8.421530
4.067830
3.815960
35.282600
3.831760
3.786610
3.759270
4.024440
4.371840
3.758140
4.439600
4.161710
3.947550
3.746780
4.828470
3.785040
3.829520
3.822050
3.831180
4.296400
12.329400
3.765280
36.308500
3.753750
3.964150
3.764510
3.749120
4.159850
3.785030
3.811360
4.697920
15.794700
48.520400
3.805740
28.541300
3.755130
54.176400
3.901760
80.066300
3.769850
38.930700
72.311600
3.898080
4.770050
11.082400
3.767780
3.838050
3.783480
4.298020
4.097500
3.750610
3.948830
3.873350
3.789890
3.884120
3.975940
3.902420
3.784180
3.750580
3.853030
3.732920
3.754270
3.960740
4.858470
4.918840
7.434720
3.775690
3.940120
30.675100
3.972050
4.062530
17.383800
3.898760
7.152870
3.744180
3.766480
4.029630
10.776100
3.769440
3.758530
3.799580
11.084100
11.849500
3.783520
3.814930
5.069930
71.992200
3.742290
3.837870
51.858600
5.012970
3.866690
4.180250
59.064700
45.044300
3.865810
29.411500
3.884630
4.086970
4.019410
3.763910
5.820250
3.771210
5.647330
3.796670
3.810080
6.147400
3.814180
3.773190
3.911320
3.807260
3.886420
3.752030
3.813030
6.301430
3.910990
3.799180
3.805130
3.846440
4.109400
3.787250
15.213000
3.814500
3.750520
24.699400
3.737000
3.792060
33.888700
3.807590
3.869920
20.809500
5.581110
3.766220
3.862910
3.755610
3.762190
4.115260
3.732100
3.824110
4.689780
40.033900
3.755290
3.764740
3.883290
3.839650
3.804900
5.552420
3.930880
12.410600
3.780010
3.773290
3.772570
3.850430
3.776290
3.776720
16.910700
3.847410
3.924480
3.903820
45.915600
3.754700
3.834680
88.882500
4.236650
39.535600
4.057390
3.771480
3.788710
4.894900
29.936000
3.958330
3.749460
3.786740
3.822110
3.793450
3.966290
14.856000
4.232060
4.019620
3.799990
3.748690
3.869980
3.994110
3.819810
3.783400
3.779020
4.867240
3.889930
3.810110
3.903790
6.740090
3.740320
3.766960
3.780210
4.030170
3.787000
3.744260
22.680000
3.766190
3.775230
3.733410
4.945680
3.781520
4.509730
3.756340
4.083200
3.772700
5.299580
3.745580
3.883080
3.766360
82.229700
4.151530
4.175170
3.791550
3.740500
3.884730
3.917740
3.791140
35.268600
3.773270
8.545450
12.352600
3.929470
44.980200
3.966440
3.812950
6.966390
3.748810
3.952550
3.825720
23.924200
3.789190
8.630620
3.733360
12.731400
3.749610
4.107360
3.758020
3.917840
3.763090
3.821970
4.167440
3.808740
8.636630
3.821500
3.814510
3.760690
3.970920
8.981110
4.182250
4.731770
3.751230
3.923880
11.423100
14.730500
3.839730
21.404000
3.759720
15.344500
21.636200
3.769990
3.755770
4.067260
3.763160
4.660370
3.772540
9.905830
3.776320
3.767000
18.207900
3.866650
3.737000
3.763500
31.827600
4.001320
7.697930
3.807260
3.729250
4.049260
3.856370
3.765870
4.211730
3.780780
3.755910
3.760670
15.051100
86.896300
3.774770
3.724490
4.228970
3.745300
3.771780
3.783060
9.573660
3.815380
3.762770
4.621560
4.183220
9.075140
8.624810
3.935400
3.751610
3.984260
3.952770
4.061520
8.434190
3.805360
3.756710
3.770360
3.743820
4.185830
4.634740
9.255500
5.579050
3.729850
11.405100
3.765610
13.964700
25.405600
3.773060
3.810000
21.980600
6.802820
29.903700
3.754070
3.918490
3.779170
13.073400
4.066810
3.832990
3.736870
3.755920
3.954130
3.748720
3.781290
19.643500
3.765630
4.089980
3.754060
5.539430
4.368930
3.826960
4.263560
3.782790
34.330000
6.490560
3.750770
3.894950
3.812280
3.739310
3.869810
3.758420
3.815500
3.761850
3.738700
3.854080
8.167240
3.842640
3.761100
4.007130
3.766090
3.755530
3.769710
20.198300
5.875810
46.304400
4.037630
3.907170
3.786700
3.755800
3.796160
3.836330
4.271770
3.874090
3.781240
3.756860
3.783720
3.753030
5.228880
26.986200
5.725730
4.107020
3.918060
3.770330
3.911120
3.743300
4.687650
3.953090
3.763730
4.834420
3.729020
4.027220
3.768740
3.769810
19.288700
3.747000
7.381010
44.308000
3.749380
4.157860
3.759890
3.757630
21.012500
3.752590
3.777000
3.895380
4.044370
92.034700
3.858660
3.769630
3.990060
6.145010
3.796780
15.403500
7.288440
4.730550
20.622200
4.378660
3.874570
3.774640
24.800200
3.758140
3.918930
3.804030
3.887940
5.189400
3.797490
24.808800
3.780690
76.887100
4.074760
11.846900
6.578210
40.808900
3.742350
3.998970
3.738280
3.796600
3.845450
40.416000
3.744920
3.841240
15.598300
3.782430
3.799950
3.745090
11.938600
3.904540
4.276420
3.843970
3.755930
3.896960
3.891510
3.774810
14.846300
3.748540
4.018970
3.826870
4.102020
4.013610
3.739700
3.736830
4.085690
3.744020
14.059300
3.742390
3.825320
23.636600
13.850700
3.768590
20.244800
23.683300
3.758770
3.901480
3.805400
8.681670
22.695200
3.801910
3.913050
11.134900
3.749010
8.415470
3.746240
3.865220
3.778180
22.917700
8.087460
16.981100
32.781400
3.804720
35.980300
3.779870
3.848830
3.787590
3.814460
3.831970
3.793470
7.780920
3.736910
6.268500
4.037460
4.008830
3.833000
3.868910
3.758610
10.243900
3.774230
5.457160
3.835990
3.841500
6.267400
3.831430
3.746590
20.425700
22.471100
3.919370
4.025280
3.758880
3.773480
14.375100
3.806140
3.787130
3.772390
3.739450
3.755190
32.381400
3.943950
3.749980
3.759250
7.575910
3.759000
4.140940
3.758280
3.733600
14.479100
8.078310
7.027230
3.751710
3.759400
20.975900
3.796680
4.024250
3.904460
3.771050
19.479900
3.920470
11.025100
3.821370
3.809460
4.061280
26.520700
3.770580
3.895600
3.761540
3.840240
3.778670
3.889140
3.784720
4.026980
3.763950
3.892200
3.791620
3.902720
5.547260
3.749370
3.793680
13.767800
3.937250
16.199200
4.628750
13.593900
4.004730
4.803640
13.766900
3.783360
3.780460
3.860140
3.901940
3.901260
26.231400
3.812720
3.755630
3.728420
3.790030
3.752740
37.257300
3.952620
14.943800
7.564910
4.052710
5.920310
3.732010
3.784200
35.088700
3.763170
9.392770
5.959910
3.758280
3.952470
4.528920
3.772370
4.175990
4.058370
5.969370
3.742920
3.912310
3.803150
3.741350
3.767000
4.821420
3.783680
4.447240
3.742110
7.219900
3.785470
3.762870
3.764800
3.786760
3.733300
3.856180
3.753870
12.385500
4.074850
4.036030
22.646800
14.365500
3.773730
3.740480
3.991050
3.743170
3.806880
3.751620
3.860570
4.407670
12.274100
13.942400
3.934160
9.226990
3.797000
3.935650
3.761390
3.749740
4.877450
10.517500
6.430920
3.804100
5.060090
3.764550
3.734170
3.781900
3.817500
7.901970
3.854820
3.923660
3.733530
73.778700
8.856510
3.772230
3.790470
4.537510
4.057590
4.363170
4.876940
4.040530
20.722200
3.753350
3.744750
3.758890
21.950000
3.803490
3.795160
3.766500
15.881800
3.725510
3.799520
3.877010
3.798020
3.773590
5.496140
3.755700
3.910680
9.928830
3.739320
3.751750
3.783430
3.746440
3.753910
3.778080
3.767260
3.764860
3.864240
3.761460
3.919260
3.922690
3.896610
3.749320
6.072370
33.785900
3.744500
8.083040
3.888600
6.692310
3.808610
3.912520
24.107200
3.843450
4.179710
22.672600
3.762100
4.044360
4.157470
3.938800
3.943150
4.155910
3.781910
3.902940
34.467300
3.764180
17.137500
3.752240
3.983540
3.741030
3.734260
3.848630
5.885600
3.804490
7.322700
3.754110
3.787570
3.771490
4.553920
3.742710
3.796130
5.058800
3.890060
4.124060
6.985490
3.755240
3.749820
3.765680
3.736780
3.799770
3.884080
3.790980
3.936890
13.171200
3.724710
4.301340
3.841010
3.754380
3.759120
3.954420
66.075000
15.293300
4.437530
4.010170
3.817660
3.759970
3.847770
3.853780
3.748580
20.299100
21.593000
3.804660
3.751690
3.757000
3.749600
3.760980
3.788310
60.689200
3.760010
20.860900
3.882460
3.924120
3.785980
3.800050
3.809360
3.963180
7.519220
3.941590
4.732030
3.821770
4.048350
13.631500
4.189790
3.872430
3.754190
4.948690
3.833630
8.502240
5.324140
3.736190
4.524200
5.549070
3.781120
3.762970
8.179540
16.019200
3.760270
3.977880
3.785830
19.961600
3.746700
3.880980
17.723800
3.910870
4.030150
3.801980
3.749340
42.639700
4.565680
3.898990
3.760270
4.008740
16.257300
3.882280
3.772480
3.986420
3.749670
3.769350
20.584900
4.195850
3.745800
3.818000
4.975870
3.825930
3.753880
3.784450
3.767000
3.763980
4.067360
3.751110
3.796790
4.426300
5.209280
3.977530
3.768610
3.914070
3.786980
35.070700
10.008400
5.435510
5.785620
3.742790
3.749760
10.097300
3.739840
3.760920
3.986520
15.466400
3.842910
7.490480
3.749170
3.839020
3.950830
42.390700
3.771840
3.789120
3.965110
3.732900
43.888700
3.782250
3.758910
3.871160
3.884550
6.626780
3.921700
4.028660
21.096400
8.975140
3.809550
3.942530
4.692210
3.754230
4.003730
3.744020
3.819760
13.115800
4.014300
3.840700
3.773950
4.131400
3.746790
3.782020
4.118220
3.790650
3.783800
24.242000
3.961490
3.727000
8.154210
22.265300
3.789400
3.830920
3.744820
4.602490
3.831330
3.875510
3.762330
6.440340
4.138420
15.886300
3.849460
4.099860
8.853970
3.789320
16.546000
3.749480
3.892120
4.121830
3.817860
3.794260
3.906790
3.749110
4.860200
3.832810
9.199270
44.603900
3.763450
4.031320
3.757000
4.039470
3.772440
3.874300
3.821280
3.861210
8.412360
8.696320
3.788000
3.820950
3.765000
3.881220
3.781040
3.843500
3.805390
3.799850
3.760520
3.776600
11.086900
3.749560
3.817220
3.778300
3.815690
3.740680
3.974840
30.974300
43.297800
3.988160
3.878700
3.750340
3.756700
11.879100
3.750810
3.731880
3.771730
3.779280
26.772700
3.975880
12.761200
3.761990
3.889010
3.749510
3.786620
24.374200
3.740710
3.732060
5.078640
4.053910
3.816530
3.733370
3.864720
5.647350
3.752000
12.664400
65.907900
3.761050
4.045650
3.750160
4.027030
3.803300
3.842610
3.742930
4.064220
3.771180
3.771980
9.800590
52.741500
4.138510
3.745020
3.754290
3.747000
4.066970
3.933160
4.544930
4.279900
3.793870
3.746180
3.772950
13.262700
8.686860
3.916020
3.736660
3.881010
3.851170
3.869340
4.178400
3.899650
3.746580
3.743410
3.929450
3.764880
4.684730
11.366700
4.067130
11.500000
3.737290
3.797700
3.762640
3.778950
8.990230
3.903060
3.757000
3.775220
3.812780
38.541700
3.782580
3.737000
102.933000
3.752990
18.259700
12.289000
23.483400
3.883140
3.828230
3.883460
3.777000
6.674650
3.937230
3.821490
3.736430
3.745930
3.794520
4.385690
10.088900
3.791080
4.011450
3.991270
3.799750
58.172400
4.588540
3.781030
3.756920
3.765420
3.770570
3.746540
4.219660
3.947010
4.082060
3.758880
3.768240
16.443400
4.929090
3.754520
3.874800
3.751890
3.761120
4.543310
3.789830
3.750910
3.971340
4.726230
3.917540
3.749470
3.739720
7.227200
3.840480
4.340270
45.237700
3.815320
4.348340
23.482500
3.968900
3.909630
3.782460
4.091150
4.077170
3.839160
3.857330
3.770090
3.978300
4.156120
3.893510
3.833730
3.957710
4.937320
3.780530
3.838110
12.531700
4.257460
3.818930
3.814610
3.746780
4.030830
4.139920
3.740820
3.927770
4.149180
3.748270
3.737000
4.302650
4.949270
3.755140
3.885770
3.739110
3.791740
3.938080
4.933220
3.745230
3.820290
30.957700
3.966430
3.907050
3.753610
29.597600
3.925040
4.981100
15.477700
3.840720
12.295200
3.757000
3.741030
3.729700
3.840750
3.763030
3.802710
12.497600
3.985650
3.844220
3.742010
5.067100
3.760230
3.809920
3.745290
3.874840
3.759850
3.965520
27.004300
3.766500
3.888740
3.759030
5.010170
3.873520
3.766700
3.902390
4.178930
8.899570
10.368100
3.758030
4.069170
34.105700
35.734100
3.876350
3.738410
4.616500
5.197690
4.028170
22.483200
4.876990
3.749580
16.907900
4.065430
8.206530
3.732830
17.470700
3.792230
3.818020
13.177200
3.745430
3.944090
3.774340
34.106700
3.775350
3.825240
4.709660
3.863470
3.802290
3.776150
5.147320
3.827860
3.830300
3.812140
4.271190
3.752560
4.084010
3.765630
3.766420
3.746800
3.872600
3.796320
3.769780
18.080700
12.732400
4.275800
4.059230
3.800780
3.761560
3.749910
3.758970
4.153950
3.756700
3.935860
7.610090
16.125700
4.286720
4.678950
3.917450
3.761610
3.769610
9.767750
64.763200
4.331660
3.785430
3.770180
4.942190
19.191400
3.759980
4.077920
3.752300
4.312490
4.241720
5.652850
3.862540
3.788640
3.785980
3.847430
3.835290
3.769210
6.569960
3.819830
15.011500
3.858050
3.750500
3.814030
3.771950
33.515400
3.956020
3.964950
3.820070
3.879990
4.474660
12.091800
8.614260
104.863000
3.768930
3.954650
15.786200
3.742840
15.483000
3.878890
5.479530
20.586700
25.059800
4.722750
3.857780
13.082900
4.813540
55.313500
3.753590
3.787170
4.192150
7.603790
3.738130
3.759650
3.841610
3.764100
3.828300
4.213990
3.782280
3.747800
3.837620
3.840340
19.653500
3.828200
4.044630
3.782150
6.069910
3.753660
4.426000
3.881960
3.798630
3.772480
3.952220
7.735200
52.514000
3.773170
4.703940
3.744550
4.485640
16.293700
3.755590
3.744770
46.675500
3.746370
3.776400
3.865210
7.345560
3.781650
4.072560
3.745120
3.762260
3.751000
3.756260
3.763410
3.793410
4.876710
28.478100
3.968560
3.977260
3.919090
3.751840
3.994350
3.829940
60.629700
10.632000
3.854940
19.435700
4.186910
3.864700
5.225860
3.979660
3.879330
3.771180
3.735890
3.930920
3.753120
3.764130
3.761630
3.886660
7.645780
3.886760
4.029350
3.796130
4.935880
3.912190
3.842950
3.920060
3.748070
3.812060
4.100470
3.836770
3.875450
3.889040
3.861190
28.572000
3.760510
3.775180
3.865360
39.829700
3.752770
3.886800
11.828200
3.780710
3.772530
4.838660
73.251200
23.754700
3.845080
4.170730
4.755340
3.847580
3.795550
3.780630
3.988940
3.806380
12.749400
4.320550
3.923550
4.042200
3.761200
5.631900
5.480500
3.834890
3.811430
66.396000
3.820260
3.746180
3.751840
3.784910
3.762050
3.756460
6.063020
3.798280
91.908500
3.756540
3.781650
3.922050
4.189490
3.900670
3.731620
7.152840
3.981540
20.631700
3.741480
3.816580
3.733630
4.914540
3.817410
4.032840
3.752080
3.813280
4.574900
3.882110
4.003850
3.751200
3.999990
4.307160
56.420600
3.745610
25.679100
3.742470
26.992700
7.522340
3.827890
3.844600
3.813510
3.849050
3.842140
3.907790
3.882550
3.742160
3.762650
3.986940
3.818150
58.043800
3.768240
3.722730
4.720420
3.747000
3.912620
3.817440
4.275330
3.935010
3.826960
21.076200
3.776150
3.820610
3.750260
3.810570
4.364600
3.803220
3.963970
10.117900
3.755010
3.785700
3.761830
3.856640
12.002600
29.670600
3.750260
3.838650
3.741970
3.750820
14.014400
3.808020
21.061100
3.745790
3.810230
3.866250
3.837570
30.685200
3.770120
3.751110
3.812610
29.848000
3.794980
3.770790
3.757810
3.901270
3.740000
4.001420
5.899970
3.784420
3.739910
3.853980
29.127300
3.898280
3.917990
4.231400
4.118620
4.073170
30.617400
4.127960
10.437500
3.811060
3.755020
3.836550
3.824330
3.839900
26.525800
3.772080
3.866310
3.742540
3.766370
5.581310
3.781560
3.876480
20.960000
12.188800
4.094780
3.849350
3.763400
3.749870
6.573240
5.564510
3.745910
3.908530
40.024800
3.854710
3.892200
3.764510
5.307770
88.206800
5.736700
3.909800
4.752420
6.708910
3.767000
52.738900
3.816670
4.248680
3.781240
3.755380
3.763550
4.471450
4.089240
3.769880
4.329290
3.735830
26.390000
3.906570
3.777000
12.855800
79.294300
53.487500
3.831120
3.733220
3.864520
3.838390
4.023630
3.749920
3.812940
40.285300
23.275800
3.763350
4.071250
3.896320
3.753580
11.128900
3.756850
99.847100
3.751870
3.790480
6.708410
3.814190
3.863020
56.998900
3.940040
68.249400
8.302850
15.995900
3.765070
3.763690
3.789940
3.867420
4.953090
3.768940
3.784580
3.766370
4.144720
4.498240
10.020200
15.728300
3.988970
3.877230
4.154460
3.737850
3.789240
3.733430
3.875790
3.954710
5.488220
3.984360
4.410120
3.751770
4.016060
3.890530
3.851770
3.910080
3.782860
3.748620
3.723930
3.745420
3.785490
4.006400
3.946550
29.738200
3.748990
3.946020
5.341710
6.653560
3.818010
3.731220
3.758670
3.769170
4.051620
5.915570
4.489150
3.879290
3.730000
3.753830
61.151600
3.878940
6.174750
10.613000
4.518550
3.782870
3.879440
3.831210
4.745650
3.784800
4.145140
3.784850
4.223370
13.321500
3.753020
3.933510
4.294020
3.943010
3.828180
3.744660
3.760140
3.742380
3.747000
3.754090
15.029800
3.746060
3.765350
4.039950
22.886700
3.732620
4.258270
6.575060
9.036260
3.867320
4.223540
6.947770
3.760580
3.761570
4.243320
24.132200
3.750050
3.838300
3.783000
3.773720
3.752770
3.859000
11.952900
3.790680
3.840310
3.813730
7.150670
3.823750
3.888800
3.754020
3.891850
3.773970
3.734910
3.832470
3.736800
3.828550
3.869880
3.848590
7.207100
3.871250
3.812740
3.786970
25.493500
3.847570
4.415660
3.761570
3.748440
5.143870
32.137500
3.911440
3.753260
34.482500
3.771870
3.918910
7.143490
3.980840
3.902560
4.284210
3.785050
5.456960
4.980660
4.112680
15.283200
3.906020
3.947610
3.754550
3.851930
3.831250
3.891400
3.768990
12.330900
3.772680
4.329200
3.810290
4.254530
3.755180
3.854270
3.737960
3.823690
18.376900
3.752190
3.760320
3.765300
3.967360
3.732270
3.762140
3.731000
3.793490
3.824840
50.347600
3.740860
3.833230
3.761120
4.066770
14.695400
3.743700
3.886110
21.334700
4.439330
4.098490
3.808660
12.698400
6.983170
4.011430
4.582650
56.140100
3.802660
3.752770
9.725280
14.809200
4.621590
3.736820
3.762340
3.722590
5.991220
8.645620
7.617610
40.767300
32.324700
3.813040
3.748250
37.754700
3.761540
3.764790
20.152200
3.786020
3.895420
7.614230
3.753360
3.788800
3.733740
4.480410
3.763540
6.888110
3.746250
3.940510
4.231630
3.801740
3.932040
3.761770
18.976300
3.762280
3.739900
3.753180
3.776780
3.819330
15.819400
3.750340
4.663840
3.740720
3.921490
3.923460
4.536830
23.029800
3.842750
4.483260
3.742900
3.756870
4.050610
3.739310
3.740900
3.783260
4.110100
3.785920
