0.183851
0.180604
1.038230
11.346600
1.200000
0.821855
0.286389
5.404920
17.399100
0.531399
4.582360
14.371400
0.181319
0.851509
6.474920
3.828150
1.875410
0.219184
4.539480
0.269188
3.182470
0.180116
12.557600
0.121979
5.841120
0.257134
2.212740
6.769410
0.293460
4.210780
0.412507
7.359900
0.211958
1.497330
1.054040
3.396630
0.488925
0.465798
8.429560
0.311291
0.238325
0.191049
2.029570
0.480674
0.228167
4.962170
1.106260
0.813581
0.128192
0.736901
0.509795
1.080190
0.334710
4.036110
0.304077
0.326611
10.697300
0.286705
9.509680
0.370137
2.058780
0.427755
3.980540
5.141740
0.762326
5.423710
5.477560
1.189200
0.352127
0.820566
0.397630
1.686380
0.110004
0.107861
2.597590
3.000660
0.121441
3.682730
8.507770
0.238462
0.660112
0.973531
1.033950
6.153660
1.047970
0.367342
0.170318
1.464520
2.614620
1.769220
6.213640
1.578310
0.885614
0.504987
1.235180
0.637334
0.359660
0.239100
0.168025
5.984880
8.010590
4.853390
0.262254
2.221150
0.253569
0.194043
0.634571
0.151647
6.452570
1.000170
3.297090
3.263830
6.606160
0.510953
1.953610
7.254880
5.263260
1.201170
0.282009
2.613820
1.017290
0.205518
0.847679
0.901769
1.257650
0.157151
0.319472
3.485210
4.506780
1.612260
0.194529
0.123228
2.141930
0.102541
1.685980
2.260910
0.253164
0.244915
1.037420
0.652965
1.061340
0.194406
0.158799
0.124403
5.874350
0.360159
0.358308
0.125945
6.988960
0.219092
14.955500
3.734860
0.397988
0.172630
4.926080
1.669260
5.953380
1.558820
10.031800
6.084490
0.119587
1.837520
0.135072
6.028670
0.164865
0.166175
4.363120
5.265030
1.302700
2.115600
1.632140
2.543650
2.075170
0.232630
0.199271
0.177398
3.163810
1.189070
0.212863
4.198230
0.530077
0.242283
0.127616
0.121552
5.576340
1.132510
2.273280
0.258894
2.851570
1.362110
6.421620
0.297818
1.505420
5.921660
0.708687
11.213600
0.103183
2.025020
2.647010
0.606496
8.429750
0.120537
5.020760
3.960570
0.263627
3.597130
0.152056
0.765541
4.827370
0.284544
0.697368
2.262940
0.134821
0.491401
0.266430
0.102106
0.261746
4.996070
5.547370
0.613997
0.279012
5.010500
5.370860
0.488467
6.360940
0.416745
17.022900
9.756420
3.043540
3.456340
4.580940
5.460450
0.775576
1.137230
0.768884
0.845445
0.386414
2.686520
4.055520
2.769780
10.925700
0.449447
0.223414
0.135998
0.343070
2.224950
5.782920
1.265180
5.496680
6.287910
5.670370
0.157243
0.955793
7.087570
6.261950
0.722084
0.324030
0.173465
5.138730
0.576953
0.433810
6.235150
0.234306
5.397000
0.844868
4.046780
0.274431
0.612686
3.363540
0.114771
3.384610
0.221922
5.610770
6.274020
1.849210
1.442990
3.424020
13.120400
0.123523
2.406170
0.125558
0.365051
0.612817
3.847880
0.783800
3.230750
2.496690
1.212330
2.578300
2.141320
0.104293
0.170938
5.415300
9.031040
0.571607
0.100052
1.375930
0.443427
5.161900
1.597330
0.650578
4.577710
1.282720
2.313500
3.452110
1.350880
6.241290
1.541400
0.263959
0.720261
1.473850
4.778160
0.132995
4.087900
0.201749
5.690590
0.106775
0.144715
6.159770
0.778915
3.631700
2.150670
0.266204
5.243650
0.451724
0.129363
5.877640
0.644948
4.425970
0.116826
0.842623
0.348944
4.919750
7.307340
1.354140
7.761110
3.581200
0.581122
4.845550
0.224715
5.666730
1.581390
11.501300
11.429000
4.634950
1.841410
5.535970
6.355030
2.948970
1.543910
5.278240
2.246130
0.125382
6.098730
0.166146
0.137475
0.968711
0.149565
0.260481
1.572800
0.615390
0.155020
5.875410
4.148460
0.975938
1.642260
1.443870
1.525770
9.788850
2.023910
0.632445
1.675580
0.350071
1.563960
0.290819
0.119547
0.162096
2.844250
3.007070
0.933350
1.541150
8.635460
1.608190
1.077990
0.686988
15.222900
12.451200
0.563020
6.683040
5.729700
0.426878
2.792960
1.556240
8.381430
1.621260
0.143939
4.235620
0.506512
0.216152
0.675748
6.623110
2.634450
0.931623
3.444340
6.031500
0.530206
0.717046
10.625200
0.470908
0.228213
0.223817
1.135420
14.424900
0.142377
0.120221
0.320153
1.164320
1.038150
0.657846
4.769180
8.866730
0.251663
1.309760
0.338636
0.512056
0.990126
0.419549
1.795580
3.675160
0.131922
0.901111
0.174450
8.652700
6.683900
0.154765
0.113037
0.165854
1.864840
0.276925
0.511026
7.604680
0.850352
2.010730
5.737030
0.680971
0.367223
0.121006
7.597620
2.491640
0.311154
9.256170
1.409830
0.446448
8.606830
0.629369
0.107579
0.466083
0.603148
0.459881
0.152600
5.643140
1.601530
0.706317
0.564607
0.680389
1.926650
0.194925
0.128461
0.142941
7.554810
1.808350
4.168930
0.143681
0.321136
3.840300
4.951820
3.954650
0.330277
0.189095
0.763939
0.122102
1.694790
6.402410
0.861829
0.394947
0.117716
0.863963
3.704710
0.902699
0.575101
2.090100
0.126769
4.653480
3.390620
0.114711
9.625720
0.938255
2.620950
7.366010
0.141841
6.560090
9.499290
6.604930
0.175997
2.649890
0.121758
0.127142
4.441430
0.893248
4.089790
4.441190
0.152103
0.973386
2.560820
6.500520
3.932700
0.195581
0.265535
1.405710
7.788720
4.126700
0.519943
3.633430
0.627881
3.926750
0.165101
9.040730
4.879630
0.193771
7.446040
2.260120
7.808300
5.101930
0.238373
2.836260
1.526210
6.246720
0.287837
4.245580
0.129463
0.720939
0.111891
4.918200
0.344913
0.121373
0.134053
0.547830
3.706220
0.117340
8.503320
1.287400
0.765323
3.345210
0.105577
0.192493
9.326620
0.316141
1.264670
0.169392
0.580029
0.970423
6.545650
6.489190
0.270661
1.437140
2.109690
0.242076
0.115542
0.216048
7.396490
7.191390
1.458540
0.377745
0.109610
0.373695
0.141876
6.204790
3.441440
1.861450
0.768036
5.269110
0.492292
0.152438
5.564650
2.405100
0.618740
7.163740
0.688090
5.596480
1.349980
4.101760
0.732825
3.614860
1.150010
1.015240
0.548848
0.103641
0.376140
8.514270
1.012430
0.589042
0.886618
0.434611
3.430510
4.481450
12.818600
0.150655
1.262880
0.246454
0.117488
0.487756
0.840410
1.292690
0.263308
6.772850
0.277396
8.344600
1.065030
1.158910
7.924550
1.369240
3.954330
0.793005
0.345495
0.191153
1.734190
0.665486
1.577100
1.152380
0.361973
0.257837
0.662446
0.184102
1.827790
0.409691
1.457680
1.760060
2.551090
3.858300
0.100525
0.320508
0.295201
0.382669
0.294468
1.159490
0.142694
6.015980
7.312670
10.621700
17.581500
0.639629
0.302125
0.108277
2.081370
7.259560
7.028660
0.116249
4.280050
4.020570
0.376578
0.403507
15.488100
0.324650
0.316471
8.031600
7.212300
0.513835
10.919900
6.450520
6.093590
0.746513
0.147453
0.113342
0.223743
2.411340
3.202670
0.258292
10.165800
0.203173
3.135630
0.402720
0.194393
0.522380
0.536987
2.558300
4.490000
2.307210
0.144835
0.202080
1.580500
1.443000
3.891800
8.765210
4.546800
5.888720
2.031250
0.448739
0.409119
0.874498
7.047580
0.822408
3.974470
0.234829
3.320660
0.231215
7.052200
0.990418
2.465610
0.112542
1.771270
1.867880
0.196484
5.458350
0.291754
0.421090
1.309720
0.314717
1.078790
0.311911
0.543819
1.957640
1.085510
0.529595
0.119158
0.218499
0.526276
0.382621
0.136132
6.580050
3.995970
0.846278
0.128957
0.398820
3.540920
4.530890
0.623232
4.249760
0.106106
1.355200
9.568610
0.483112
2.521680
0.527625
10.292600
0.964557
1.046930
0.200495
0.474907
0.311128
3.312140
0.123812
0.355988
0.713004
5.832400
13.857800
1.392980
2.784430
0.122268
0.329278
5.220540
0.264622
4.875270
0.693338
8.449980
0.322381
4.244310
0.165789
0.803413
5.055740
11.056500
4.355250
3.839310
1.820770
0.293248
0.111129
1.447630
2.285290
0.557066
2.115270
1.511470
2.405810
0.676996
0.327300
0.506169
8.710470
7.961890
10.312100
0.824910
7.423520
1.196040
0.301212
0.910447
2.899220
11.933900
3.570530
4.429320
2.147270
6.952850
4.282380
5.585120
5.230180
0.856932
14.899000
6.097950
2.231530
2.556920
0.190023
0.185268
0.807254
8.185520
0.712614
3.319630
7.365600
4.846260
2.735130
3.345740
2.860470
0.509128
5.318680
1.147720
0.588828
1.869780
9.894640
0.150871
1.245600
0.720232
5.740450
1.458270
11.262600
5.739510
1.261240
1.144560
5.659210
0.273446
0.497636
0.376629
3.984380
2.825600
2.153590
0.956316
0.332059
9.404970
0.321405
0.465868
2.885360
9.377390
0.142183
0.163071
2.645410
1.068320
5.606130
1.413800
6.002830
3.355810
0.358611
2.495150
4.815200
4.121720
6.605460
0.287398
10.891800
4.101710
5.671180
0.752327
2.547410
0.184916
0.338026
3.905930
5.135330
5.258130
0.949591
0.927582
2.148070
1.679970
7.846050
1.312710
1.415580
0.160636
0.487581
1.003350
0.416736
0.101843
0.337181
0.658910
6.148530
10.400800
0.222466
3.661520
2.105190
9.481760
6.553440
3.818170
4.091490
0.855358
9.252770
0.311246
3.752250
0.131487
0.974746
1.543380
10.791100
0.245750
0.439457
4.809930
0.200914
9.294110
4.328710
1.071170
4.528650
4.682170
0.404576
2.774320
1.211830
5.662480
3.919990
6.248630
0.241313
0.294691
0.186837
0.778959
0.201498
3.892930
1.244420
6.343470
0.539866
1.336560
9.501660
3.572000
0.200989
8.064700
0.431074
4.079760
0.123909
3.908940
0.174652
3.938270
10.068200
6.393040
3.402560
0.300623
0.376776
0.711565
1.250170
6.586430
0.252090
5.793620
0.888332
0.641183
0.110435
1.430870
3.610400
0.346367
4.155820
0.137013
0.351504
1.095230
1.275130
0.876074
10.885100
0.563687
0.141463
1.260120
2.527720
0.109846
0.120564
5.309230
3.518300
0.247632
0.813807
0.514115
1.931450
3.281740
2.476650
1.493890
5.677700
0.174876
2.382630
0.170324
0.138901
0.107498
0.201274
4.121630
12.766500
3.261380
0.188891
9.051240
1.150210
2.751790
1.123370
0.397552
0.652895
0.779914
4.717690
0.117618
2.447870
0.463229
1.669080
0.342206
1.455100
3.668920
0.896314
0.179356
5.971890
0.871617
12.334300
5.662000
7.380620
5.629360
1.377000
2.255960
3.753530
0.524652
1.795220
3.669420
0.107730
0.827981
0.270750
8.123310
2.037700
0.310919
1.547280
0.360859
1.407160
3.284640
0.408772
0.108304
8.540980
2.774170
3.918100
1.005500
3.940600
0.136927
0.138498
1.575640
0.190354
0.280340
9.702590
9.056810
0.199966
0.997076
0.123530
2.679580
0.787022
2.014920
1.951450
3.395950
2.947770
0.162866
8.593640
1.445020
2.256180
0.118291
0.231221
4.976640
0.303090
0.176581
0.333739
0.109389
3.985680
0.436345
5.630580
0.106396
6.706700
0.401295
0.146127
6.272380
6.017960
0.415993
0.146690
0.373032
0.189422
4.353270
0.128726
5.770030
0.362216
3.434640
2.493730
4.548220
1.155300
0.167405
1.218730
0.433409
4.666040
0.177382
8.654640
3.314550
7.513670
4.687920
1.025580
5.260260
5.083220
1.429710
0.679525
0.113233
10.732900
0.802898
1.935100
0.282985
5.494030
0.143267
3.210920
0.810354
11.000900
0.318199
0.347684
0.173528
5.113550
0.124958
4.662750
0.188283
2.050620
9.405390
0.661176
0.973958
0.324377
1.486820
0.380924
0.244249
8.972110
9.866040
0.364440
0.337210
8.759370
7.665270
4.296840
1.734110
0.239688
2.519290
10.129300
0.198466
0.109706
0.528689
0.213944
0.531271
0.227076
0.654745
1.128950
4.545340
2.181350
0.474752
0.192543
10.442700
3.343580
0.362594
4.127520
7.437270
0.766636
0.460642
0.149702
4.426010
1.564490
5.968900
0.909293
7.134410
0.647664
0.230209
5.403240
3.883370
7.724340
10.155900
4.793660
7.294880
1.074460
10.446700
4.558010
5.438370
3.008600
2.215810
1.030440
0.172686
0.100529
0.174701
0.172272
0.544139
9.009200
0.221681
0.120134
0.478125
0.246852
4.197920
0.345928
2.087260
0.693584
1.201090
2.234750
2.087860
3.420330
0.235717
0.344048
0.133595
4.096570
0.200699
2.355460
1.085090
0.131847
0.670123
4.329770
7.758490
0.640583
7.727450
0.523930
3.043040
4.050610
1.844150
2.195930
0.135325
0.950343
4.550500
5.967350
1.682460
0.187531
0.134307
0.141643
1.801970
0.114413
2.628390
1.838050
5.150690
1.470430
0.585023
13.692500
0.343523
8.477870
0.190125
0.357778
0.111129
4.260340
11.339600
0.752116
0.116044
0.151768
4.394620
1.582370
4.904420
2.578780
0.203297
5.896710
4.853990
0.128331
3.791150
0.164578
0.522459
0.270653
1.469870
3.909110
1.899470
0.209694
0.124105
1.101280
1.574760
0.360782
2.857160
2.584650
6.225430
1.076400
2.962650
9.818320
0.824353
6.821120
0.584834
0.464896
3.655430
5.740450
7.321850
0.108343
4.086070
0.827088
5.997640
0.904890
0.170935
1.581930
1.516840
0.531887
0.463262
7.150700
6.080590
2.194240
0.155272
3.677910
0.252923
3.948240
8.828390
0.201162
5.888580
0.375825
1.711390
2.230310
1.622030
0.774233
6.519390
3.686370
0.433046
1.350440
0.540261
0.132428
0.277478
0.241806
6.150780
4.338090
5.197080
0.284747
2.819540
0.179019
0.173574
2.727120
3.378080
0.152274
0.725385
4.065910
1.195980
1.449740
0.164368
0.207263
0.136984
0.250776
0.315643
0.799524
0.801257
0.323039
0.558302
1.657840
1.166380
1.168050
9.356090
4.119560
6.478730
0.113840
0.639473
0.141610
0.218896
1.546440
0.183074
1.741720
6.464990
0.698147
1.020720
2.704850
5.208360
2.752680
8.261180
2.740720
0.189957
1.842470
6.504370
10.371100
2.698760
0.468673
8.590610
0.326628
0.106298
3.129500
8.111520
4.223640
1.885310
1.185660
3.592660
8.551880
0.397185
0.875955
5.897170
1.104940
0.323564
3.885660
0.455354
1.671880
1.679610
0.448675
0.260042
0.166117
0.174573
2.903800
4.647420
3.141180
8.586980
7.667350
4.030380
1.571500
6.686390
0.418878
0.519053
5.216950
1.131030
1.529040
0.203302
0.627913
1.179080
0.228382
2.174540
0.236535
4.828540
0.963193
0.153843
4.486740
0.606045
4.446700
7.194530
0.147821
4.832440
3.084470
3.431730
16.322500
0.123096
4.361840
0.561038
4.933300
0.165404
6.449590
1.035210
2.451690
0.687963
5.321370
3.019400
6.421760
0.926739
0.269646
6.398740
2.614450
3.486760
1.913720
0.842293
1.868890
0.598288
0.261819
0.221341
3.019210
0.356265
0.289870
0.207783
0.503241
0.551510
0.252620
0.109241
2.629130
3.086060
0.121033
0.298819
3.995480
2.900110
1.037700
9.346590
7.167570
0.185344
6.131390
0.610515
0.435130
4.416530
0.409044
0.351362
0.410967
9.202050
0.867480
1.347480
8.844490
4.978180
0.173454
2.736490
0.164655
0.735986
0.963422
5.221650
4.478080
2.679340
0.987684
0.129323
1.453710
1.502890
0.250929
1.286180
0.284946
0.774257
0.188529
2.305730
2.295950
0.643324
0.817999
0.170207
1.504790
0.507260
1.555420
7.328190
0.108698
0.102370
2.005070
6.047510
0.360428
0.405579
0.395811
0.145647
11.781100
3.556260
6.050760
15.458100
0.544395
5.413170
2.771310
7.298060
5.027810
2.053500
0.223074
0.571962
0.277581
0.123718
4.596860
0.237949
0.126778
0.523735
3.801290
0.823431
8.189570
2.403870
8.864230
0.148438
3.388080
3.685100
4.252170
6.764600
5.074790
8.646440
6.010310
6.987950
3.019270
2.934160
2.577730
1.601140
6.357610
5.002700
2.882430
0.694104
4.662220
3.559370
0.220534
0.717527
0.801081
5.441310
0.281252
0.797239
7.791800
0.626212
3.878720
4.091390
0.556112
1.642890
1.134420
14.814200
3.641250
0.189220
3.587920
0.520895
0.336597
0.280576
7.791320
0.122525
0.165984
0.102919
4.686380
0.136805
0.175236
1.144570
3.055870
1.236340
3.294580
0.971046
0.466631
0.409777
1.090360
0.287119
0.214699
4.251070
1.732200
0.748162
0.238854
1.986210
4.681190
0.100207
0.624972
0.125108
2.027710
1.498070
0.139313
0.363966
0.582602
4.241890
1.231710
0.698074
3.951330
2.156640
9.282950
0.120337
2.170680
0.135990
0.797123
6.411850
10.914900
2.729980
0.464550
2.265690
6.533010
5.996930
0.693882
1.174470
0.219502
4.761350
0.322194
0.180093
1.945630
0.874269
4.737220
1.167350
1.167590
3.986990
0.419753
0.532325
0.763050
5.014770
0.217512
2.562470
0.371940
4.798250
2.217010
2.909900
1.626350
1.415900
8.754680
0.249974
0.116179
0.429459
0.110309
2.229720
1.146330
0.433878
0.393173
12.941200
0.298137
5.439150
0.719150
0.307958
0.220096
1.409400
3.172110
3.769180
0.116073
4.506780
0.153995
0.888742
0.276815
6.028920
8.897410
6.064570
0.434608
1.907960
2.784410
2.664100
0.421807
3.729370
0.189805
3.048450
0.191009
4.868160
3.795270
1.849270
17.534700
5.729320
4.282690
8.220680
4.468210
0.648672
1.766850
1.891780
5.522920
4.425740
7.813560
0.306641
5.579580
0.838887
6.037900
1.017440
4.311000
0.450781
9.487450
0.527626
0.112588
0.310122
7.453090
3.426360
8.022910
11.557000
4.602240
0.190964
10.275400
2.308570
0.472872
1.589720
0.852756
10.984100
2.331430
1.422430
5.811220
1.634840
4.062800
0.814681
0.107874
9.455700
0.571408
0.615165
0.847927
16.525100
3.410060
3.792840
0.526288
2.732580
5.835680
0.623919
1.700150
5.919390
0.104062
2.518730
6.098820
6.719590
0.227108
5.331860
0.354721
0.717641
2.231090
8.973400
1.906310
0.782845
0.205428
0.196029
1.629920
2.817110
2.619080
0.460558
8.451980
12.467400
0.299352
7.450710
0.982320
4.505470
0.287361
1.688710
6.394920
0.788733
3.932050
0.498241
9.348160
1.363190
0.141164
0.140872
0.931719
4.972600
0.594668
3.551350
4.774220
6.245700
3.191670
0.392127
0.215214
3.310790
4.309670
1.015720
0.221041
0.183275
1.067050
0.278361
3.544520
0.299823
2.318370
0.281940
5.370680
0.253027
6.176920
0.636297
4.916380
3.371100
0.886317
0.140451
0.804088
1.290230
1.545470
0.171571
0.821753
0.111164
0.150797
1.418790
2.020960
2.613400
0.566255
1.291950
0.646292
0.516085
9.325280
6.828860
4.454640
4.481750
4.543980
5.307290
0.153573
2.047390
4.554310
2.323470
0.467166
0.173802
2.580800
0.683455
5.427370
3.178350
4.946950
2.673830
1.008470
2.550290
2.136110
2.812480
10.390400
2.904620
2.667330
1.567090
0.787650
6.479020
1.612290
3.237280
0.311416
5.433420
0.318754
0.127777
1.344420
1.285270
2.815150
1.537470
0.165339
0.317272
3.973270
3.205020
0.553246
0.803009
1.455480
7.267680
4.040890
3.181980
6.878370
0.944099
0.184033
3.811660
5.290580
0.730378
0.199095
3.693650
1.219530
0.158285
1.978990
2.077890
3.222320
0.411504
4.392720
2.005430
0.111468
6.803660
1.556890
0.270271
4.800070
3.536100
9.200630
8.662840
2.493050
0.336733
2.258660
0.118118
4.361280
0.344239
17.310700
2.174660
0.182605
2.137270
0.153478
0.651788
0.121519
0.176215
0.128198
0.345488
10.247900
1.429020
0.134674
0.128220
0.106989
0.182166
0.166173
4.791440
4.188960
1.214390
0.817724
5.123400
0.422159
2.958510
0.190825
1.516920
0.563549
0.946977
6.273650
0.294291
0.416185
5.618840
0.260578
1.804470
3.978690
2.811880
1.278620
1.646890
8.767820
0.335915
6.072590
3.323960
0.483623
5.702010
0.488009
2.261510
2.055530
2.854250
0.361486
4.390250
0.458821
5.758480
8.306520
0.338676
0.442970
0.281765
4.329220
0.245910
11.398800
5.239630
12.593000
6.394350
1.009690
0.417466
3.481630
9.738340
4.530010
0.614311
0.263292
2.919370
3.514140
0.170730
1.204820
0.190404
0.126173
0.227419
10.114300
2.537910
5.457760
5.860370
1.939740
1.490430
3.812580
1.236930
0.963282
7.667790
0.747077
0.100049
10.598800
0.472309
0.191649
0.334675
2.709090
0.710661
1.048010
0.487189
0.140622
0.761610
0.383525
0.136432
6.922670
3.955020
0.376853
1.133890
0.569460
3.222870
9.039810
1.338100
2.813520
7.690890
2.787480
8.899480
0.276849
0.826929
2.214890
0.115005
0.486753
2.347010
0.293281
3.899310
0.358685
1.603740
0.707189
0.345535
0.164252
0.376104
2.171590
1.199690
2.349010
7.636910
7.002360
0.203850
2.304400
3.608000
2.780080
1.000340
0.667852
1.432290
3.793130
0.368884
5.314870
3.628160
0.269801
2.816890
5.512460
0.293749
2.783740
0.150030
2.734380
2.384870
6.138520
3.707480
7.156040
0.328508
5.452010
0.107840
14.447900
0.353119
0.287974
0.937776
2.487350
0.330469
1.232100
2.877860
0.917410
8.082530
0.854593
3.502870
0.936892
4.226930
4.584500
2.487470
5.033470
5.360560
0.156659
1.228950
0.577858
0.522602
7.439230
0.152723
0.100880
0.105641
0.378145
5.944530
2.102860
2.664280
0.330990
0.121212
0.863999
6.220680
1.991010
0.384163
0.689219
0.181868
0.991757
1.234650
0.974607
0.853922
4.887130
0.852052
7.293670
0.955231
0.630518
0.636884
0.186747
2.602420
2.568820
0.532670
0.813622
0.115044
0.342136
6.173730
1.272610
2.732870
0.228700
4.040160
0.171172
0.138485
0.762430
1.819550
5.412760
2.928760
0.135045
1.528830
14.708100
0.221774
2.609700
4.133190
8.193430
2.406130
0.137443
6.134370
0.185384
0.700997
3.589760
0.407222
6.212420
0.181517
0.228775
0.572225
8.191860
7.873280
11.492400
1.107680
1.413330
1.712210
3.293930
2.692750
0.408307
5.128910
0.601328
0.217147
0.320799
0.110543
0.252817
0.897046
0.148813
0.250491
0.603946
